item_id,eval_prefix,condition,continuation,token_idx,token,token_logprob,is_continuation_token,model
0,He baked a cake inside,probable,an oven.,0,He,0.0,False,allenai/OLMo-7B-0424-hf
0,He baked a cake inside,probable,an oven.,1,Ġbaked,-11.496212005615234,False,allenai/OLMo-7B-0424-hf
0,He baked a cake inside,probable,an oven.,2,Ġa,-2.187623977661133,False,allenai/OLMo-7B-0424-hf
0,He baked a cake inside,probable,an oven.,3,Ġcake,-1.8095245361328125,False,allenai/OLMo-7B-0424-hf
0,He baked a cake inside,probable,an oven.,4,Ġinside,-8.180036544799805,False,allenai/OLMo-7B-0424-hf
0,He baked a cake inside,probable,an oven.,5,Ġan,-2.93160343170166,True,allenai/OLMo-7B-0424-hf
0,He baked a cake inside,probable,an oven.,6,Ġoven,-1.060384750366211,True,allenai/OLMo-7B-0424-hf
0,He baked a cake inside,probable,an oven.,7,.,-1.9030570983886719,True,allenai/OLMo-7B-0424-hf
0,He baked a cake inside,improbable,an airfryer.,0,He,0.0,False,allenai/OLMo-7B-0424-hf
0,He baked a cake inside,improbable,an airfryer.,1,Ġbaked,-11.4962158203125,False,allenai/OLMo-7B-0424-hf
0,He baked a cake inside,improbable,an airfryer.,2,Ġa,-2.1876296997070312,False,allenai/OLMo-7B-0424-hf
0,He baked a cake inside,improbable,an airfryer.,3,Ġcake,-1.809535026550293,False,allenai/OLMo-7B-0424-hf
0,He baked a cake inside,improbable,an airfryer.,4,Ġinside,-8.180033683776855,False,allenai/OLMo-7B-0424-hf
0,He baked a cake inside,improbable,an airfryer.,5,Ġan,-2.931633949279785,True,allenai/OLMo-7B-0424-hf
0,He baked a cake inside,improbable,an airfryer.,6,Ġair,-3.9139623641967773,True,allenai/OLMo-7B-0424-hf
0,He baked a cake inside,improbable,an airfryer.,7,f,-4.707232475280762,True,allenai/OLMo-7B-0424-hf
0,He baked a cake inside,improbable,an airfryer.,8,ry,-0.023244857788085938,True,allenai/OLMo-7B-0424-hf
0,He baked a cake inside,improbable,an airfryer.,9,er,-0.0032825469970703125,True,allenai/OLMo-7B-0424-hf
0,He baked a cake inside,improbable,an airfryer.,10,.,-1.5110445022583008,True,allenai/OLMo-7B-0424-hf
0,He baked a cake inside,impossible,a freezer.,0,He,0.0,False,allenai/OLMo-7B-0424-hf
0,He baked a cake inside,impossible,a freezer.,1,Ġbaked,-11.496212005615234,False,allenai/OLMo-7B-0424-hf
0,He baked a cake inside,impossible,a freezer.,2,Ġa,-2.187623977661133,False,allenai/OLMo-7B-0424-hf
0,He baked a cake inside,impossible,a freezer.,3,Ġcake,-1.8095245361328125,False,allenai/OLMo-7B-0424-hf
0,He baked a cake inside,impossible,a freezer.,4,Ġinside,-8.180036544799805,False,allenai/OLMo-7B-0424-hf
0,He baked a cake inside,impossible,a freezer.,5,Ġa,-1.2185287475585938,True,allenai/OLMo-7B-0424-hf
0,He baked a cake inside,impossible,a freezer.,6,Ġfreezer,-6.430318832397461,True,allenai/OLMo-7B-0424-hf
0,He baked a cake inside,impossible,a freezer.,7,.,-1.632223129272461,True,allenai/OLMo-7B-0424-hf
0,He baked a cake inside,inconceivable,a sigh.,0,He,0.0,False,allenai/OLMo-7B-0424-hf
0,He baked a cake inside,inconceivable,a sigh.,1,Ġbaked,-11.496212005615234,False,allenai/OLMo-7B-0424-hf
0,He baked a cake inside,inconceivable,a sigh.,2,Ġa,-2.187623977661133,False,allenai/OLMo-7B-0424-hf
0,He baked a cake inside,inconceivable,a sigh.,3,Ġcake,-1.8095245361328125,False,allenai/OLMo-7B-0424-hf
0,He baked a cake inside,inconceivable,a sigh.,4,Ġinside,-8.180036544799805,False,allenai/OLMo-7B-0424-hf
0,He baked a cake inside,inconceivable,a sigh.,5,Ġa,-1.2185287475585938,True,allenai/OLMo-7B-0424-hf
0,He baked a cake inside,inconceivable,a sigh.,6,Ġsigh,-13.15699291229248,True,allenai/OLMo-7B-0424-hf
0,He baked a cake inside,inconceivable,a sigh.,7,.,-1.4169178009033203,True,allenai/OLMo-7B-0424-hf
0,He baked a cake inside,inconceivable_syntactic,grasp.,0,He,0.0,False,allenai/OLMo-7B-0424-hf
0,He baked a cake inside,inconceivable_syntactic,grasp.,1,Ġbaked,-11.496212005615234,False,allenai/OLMo-7B-0424-hf
0,He baked a cake inside,inconceivable_syntactic,grasp.,2,Ġa,-2.1876306533813477,False,allenai/OLMo-7B-0424-hf
0,He baked a cake inside,inconceivable_syntactic,grasp.,3,Ġcake,-1.8095340728759766,False,allenai/OLMo-7B-0424-hf
0,He baked a cake inside,inconceivable_syntactic,grasp.,4,Ġinside,-8.180035591125488,False,allenai/OLMo-7B-0424-hf
0,He baked a cake inside,inconceivable_syntactic,grasp.,5,Ġgrasp,-17.737728118896484,True,allenai/OLMo-7B-0424-hf
0,He baked a cake inside,inconceivable_syntactic,grasp.,6,.,-2.723562240600586,True,allenai/OLMo-7B-0424-hf
1,He boiled water using,probable,a kettle.,0,He,0.0,False,allenai/OLMo-7B-0424-hf
1,He boiled water using,probable,a kettle.,1,Ġboiled,-12.064224243164062,False,allenai/OLMo-7B-0424-hf
1,He boiled water using,probable,a kettle.,2,Ġwater,-3.8810806274414062,False,allenai/OLMo-7B-0424-hf
1,He boiled water using,probable,a kettle.,3,Ġusing,-5.753818511962891,False,allenai/OLMo-7B-0424-hf
1,He boiled water using,probable,a kettle.,4,Ġa,-1.3423852920532227,True,allenai/OLMo-7B-0424-hf
1,He boiled water using,probable,a kettle.,5,Ġk,-2.6705760955810547,True,allenai/OLMo-7B-0424-hf
1,He boiled water using,probable,a kettle.,6,ettle,-0.17788314819335938,True,allenai/OLMo-7B-0424-hf
1,He boiled water using,probable,a kettle.,7,.,-2.1140098571777344,True,allenai/OLMo-7B-0424-hf
1,He boiled water using,improbable,a microwave.,0,He,0.0,False,allenai/OLMo-7B-0424-hf
1,He boiled water using,improbable,a microwave.,1,Ġboiled,-12.064223289489746,False,allenai/OLMo-7B-0424-hf
1,He boiled water using,improbable,a microwave.,2,Ġwater,-3.881082534790039,False,allenai/OLMo-7B-0424-hf
1,He boiled water using,improbable,a microwave.,3,Ġusing,-5.753828048706055,False,allenai/OLMo-7B-0424-hf
1,He boiled water using,improbable,a microwave.,4,Ġa,-1.3423852920532227,True,allenai/OLMo-7B-0424-hf
1,He boiled water using,improbable,a microwave.,5,Ġmicrowave,-4.486086845397949,True,allenai/OLMo-7B-0424-hf
1,He boiled water using,improbable,a microwave.,6,.,-1.9341583251953125,True,allenai/OLMo-7B-0424-hf
1,He boiled water using,impossible,a refrigerator.,0,He,0.0,False,allenai/OLMo-7B-0424-hf
1,He boiled water using,impossible,a refrigerator.,1,Ġboiled,-12.064223289489746,False,allenai/OLMo-7B-0424-hf
1,He boiled water using,impossible,a refrigerator.,2,Ġwater,-3.881082534790039,False,allenai/OLMo-7B-0424-hf
1,He boiled water using,impossible,a refrigerator.,3,Ġusing,-5.753828048706055,False,allenai/OLMo-7B-0424-hf
1,He boiled water using,impossible,a refrigerator.,4,Ġa,-1.3423852920532227,True,allenai/OLMo-7B-0424-hf
1,He boiled water using,impossible,a refrigerator.,5,Ġrefrigerator,-8.630484580993652,True,allenai/OLMo-7B-0424-hf
1,He boiled water using,impossible,a refrigerator.,6,.,-2.4853744506835938,True,allenai/OLMo-7B-0424-hf
1,He boiled water using,inconceivable,justice.,0,He,0.0,False,allenai/OLMo-7B-0424-hf
1,He boiled water using,inconceivable,justice.,1,Ġboiled,-12.064226150512695,False,allenai/OLMo-7B-0424-hf
1,He boiled water using,inconceivable,justice.,2,Ġwater,-3.881082534790039,False,allenai/OLMo-7B-0424-hf
1,He boiled water using,inconceivable,justice.,3,Ġusing,-5.753826141357422,False,allenai/OLMo-7B-0424-hf
1,He boiled water using,inconceivable,justice.,4,Ġjustice,-14.046333312988281,True,allenai/OLMo-7B-0424-hf
1,He boiled water using,inconceivable,justice.,5,.,-2.0978307723999023,True,allenai/OLMo-7B-0424-hf
1,He boiled water using,inconceivable_syntactic,began.,0,He,0.0,False,allenai/OLMo-7B-0424-hf
1,He boiled water using,inconceivable_syntactic,began.,1,Ġboiled,-12.064226150512695,False,allenai/OLMo-7B-0424-hf
1,He boiled water using,inconceivable_syntactic,began.,2,Ġwater,-3.881082534790039,False,allenai/OLMo-7B-0424-hf
1,He boiled water using,inconceivable_syntactic,began.,3,Ġusing,-5.753826141357422,False,allenai/OLMo-7B-0424-hf
1,He boiled water using,inconceivable_syntactic,began.,4,Ġbegan,-15.26291561126709,True,allenai/OLMo-7B-0424-hf
1,He boiled water using,inconceivable_syntactic,began.,5,.,-4.044391632080078,True,allenai/OLMo-7B-0424-hf
2,He broke a coconut using,probable,a rock.,0,He,0.0,False,allenai/OLMo-7B-0424-hf
2,He broke a coconut using,probable,a rock.,1,Ġbroke,-8.480587005615234,False,allenai/OLMo-7B-0424-hf
2,He broke a coconut using,probable,a rock.,2,Ġa,-3.2478370666503906,False,allenai/OLMo-7B-0424-hf
2,He broke a coconut using,probable,a rock.,3,Ġcoconut,-10.02237319946289,False,allenai/OLMo-7B-0424-hf
2,He broke a coconut using,probable,a rock.,4,Ġusing,-4.883848190307617,False,allenai/OLMo-7B-0424-hf
2,He broke a coconut using,probable,a rock.,5,Ġa,-0.7676267623901367,True,allenai/OLMo-7B-0424-hf
2,He broke a coconut using,probable,a rock.,6,Ġrock,-3.084610939025879,True,allenai/OLMo-7B-0424-hf
2,He broke a coconut using,probable,a rock.,7,.,-1.3881549835205078,True,allenai/OLMo-7B-0424-hf
2,He broke a coconut using,improbable,a table.,0,He,0.0,False,allenai/OLMo-7B-0424-hf
2,He broke a coconut using,improbable,a table.,1,Ġbroke,-8.480587005615234,False,allenai/OLMo-7B-0424-hf
2,He broke a coconut using,improbable,a table.,2,Ġa,-3.2478370666503906,False,allenai/OLMo-7B-0424-hf
2,He broke a coconut using,improbable,a table.,3,Ġcoconut,-10.02237319946289,False,allenai/OLMo-7B-0424-hf
2,He broke a coconut using,improbable,a table.,4,Ġusing,-4.883848190307617,False,allenai/OLMo-7B-0424-hf
2,He broke a coconut using,improbable,a table.,5,Ġa,-0.7676267623901367,True,allenai/OLMo-7B-0424-hf
2,He broke a coconut using,improbable,a table.,6,Ġtable,-7.935006141662598,True,allenai/OLMo-7B-0424-hf
2,He broke a coconut using,improbable,a table.,7,.,-2.652843475341797,True,allenai/OLMo-7B-0424-hf
2,He broke a coconut using,impossible,a pillow.,0,He,0.0,False,allenai/OLMo-7B-0424-hf
2,He broke a coconut using,impossible,a pillow.,1,Ġbroke,-8.480587005615234,False,allenai/OLMo-7B-0424-hf
2,He broke a coconut using,impossible,a pillow.,2,Ġa,-3.2478370666503906,False,allenai/OLMo-7B-0424-hf
2,He broke a coconut using,impossible,a pillow.,3,Ġcoconut,-10.02237319946289,False,allenai/OLMo-7B-0424-hf
2,He broke a coconut using,impossible,a pillow.,4,Ġusing,-4.883848190307617,False,allenai/OLMo-7B-0424-hf
2,He broke a coconut using,impossible,a pillow.,5,Ġa,-0.7676267623901367,True,allenai/OLMo-7B-0424-hf
2,He broke a coconut using,impossible,a pillow.,6,Ġpillow,-9.010101318359375,True,allenai/OLMo-7B-0424-hf
2,He broke a coconut using,impossible,a pillow.,7,.,-1.6925888061523438,True,allenai/OLMo-7B-0424-hf
2,He broke a coconut using,inconceivable,a texture.,0,He,0.0,False,allenai/OLMo-7B-0424-hf
2,He broke a coconut using,inconceivable,a texture.,1,Ġbroke,-8.480587005615234,False,allenai/OLMo-7B-0424-hf
2,He broke a coconut using,inconceivable,a texture.,2,Ġa,-3.2478370666503906,False,allenai/OLMo-7B-0424-hf
2,He broke a coconut using,inconceivable,a texture.,3,Ġcoconut,-10.02237319946289,False,allenai/OLMo-7B-0424-hf
2,He broke a coconut using,inconceivable,a texture.,4,Ġusing,-4.883848190307617,False,allenai/OLMo-7B-0424-hf
2,He broke a coconut using,inconceivable,a texture.,5,Ġa,-0.7676267623901367,True,allenai/OLMo-7B-0424-hf
2,He broke a coconut using,inconceivable,a texture.,6,Ġtexture,-11.903593063354492,True,allenai/OLMo-7B-0424-hf
2,He broke a coconut using,inconceivable,a texture.,7,.,-3.2873544692993164,True,allenai/OLMo-7B-0424-hf
2,He broke a coconut using,inconceivable_syntactic,of.,0,He,0.0,False,allenai/OLMo-7B-0424-hf
2,He broke a coconut using,inconceivable_syntactic,of.,1,Ġbroke,-8.480587005615234,False,allenai/OLMo-7B-0424-hf
2,He broke a coconut using,inconceivable_syntactic,of.,2,Ġa,-3.247831344604492,False,allenai/OLMo-7B-0424-hf
2,He broke a coconut using,inconceivable_syntactic,of.,3,Ġcoconut,-10.02237319946289,False,allenai/OLMo-7B-0424-hf
2,He broke a coconut using,inconceivable_syntactic,of.,4,Ġusing,-4.883844375610352,False,allenai/OLMo-7B-0424-hf
2,He broke a coconut using,inconceivable_syntactic,of.,5,Ġof,-10.319466590881348,True,allenai/OLMo-7B-0424-hf
2,He broke a coconut using,inconceivable_syntactic,of.,6,.,-6.657906532287598,True,allenai/OLMo-7B-0424-hf
3,He built a house out of,probable,brick.,0,He,0.0,False,allenai/OLMo-7B-0424-hf
3,He built a house out of,probable,brick.,1,Ġbuilt,-8.280656814575195,False,allenai/OLMo-7B-0424-hf
3,He built a house out of,probable,brick.,2,Ġa,-1.331857681274414,False,allenai/OLMo-7B-0424-hf
3,He built a house out of,probable,brick.,3,Ġhouse,-3.6807212829589844,False,allenai/OLMo-7B-0424-hf
3,He built a house out of,probable,brick.,4,Ġout,-4.422214508056641,False,allenai/OLMo-7B-0424-hf
3,He built a house out of,probable,brick.,5,Ġof,-0.15816497802734375,False,allenai/OLMo-7B-0424-hf
3,He built a house out of,probable,brick.,6,Ġbrick,-6.13068962097168,True,allenai/OLMo-7B-0424-hf
3,He built a house out of,probable,brick.,7,.,-2.184724807739258,True,allenai/OLMo-7B-0424-hf
3,He built a house out of,improbable,grass.,0,He,0.0,False,allenai/OLMo-7B-0424-hf
3,He built a house out of,improbable,grass.,1,Ġbuilt,-8.280656814575195,False,allenai/OLMo-7B-0424-hf
3,He built a house out of,improbable,grass.,2,Ġa,-1.331857681274414,False,allenai/OLMo-7B-0424-hf
3,He built a house out of,improbable,grass.,3,Ġhouse,-3.6807212829589844,False,allenai/OLMo-7B-0424-hf
3,He built a house out of,improbable,grass.,4,Ġout,-4.422214508056641,False,allenai/OLMo-7B-0424-hf
3,He built a house out of,improbable,grass.,5,Ġof,-0.15816497802734375,False,allenai/OLMo-7B-0424-hf
3,He built a house out of,improbable,grass.,6,Ġgrass,-6.965368270874023,True,allenai/OLMo-7B-0424-hf
3,He built a house out of,improbable,grass.,7,.,-2.055368423461914,True,allenai/OLMo-7B-0424-hf
3,He built a house out of,impossible,gas.,0,He,0.0,False,allenai/OLMo-7B-0424-hf
3,He built a house out of,impossible,gas.,1,Ġbuilt,-8.280656814575195,False,allenai/OLMo-7B-0424-hf
3,He built a house out of,impossible,gas.,2,Ġa,-1.331857681274414,False,allenai/OLMo-7B-0424-hf
3,He built a house out of,impossible,gas.,3,Ġhouse,-3.6807212829589844,False,allenai/OLMo-7B-0424-hf
3,He built a house out of,impossible,gas.,4,Ġout,-4.422214508056641,False,allenai/OLMo-7B-0424-hf
3,He built a house out of,impossible,gas.,5,Ġof,-0.15816497802734375,False,allenai/OLMo-7B-0424-hf
3,He built a house out of,impossible,gas.,6,Ġgas,-9.41755485534668,True,allenai/OLMo-7B-0424-hf
3,He built a house out of,impossible,gas.,7,.,-5.134491920471191,True,allenai/OLMo-7B-0424-hf
3,He built a house out of,inconceivable,language.,0,He,0.0,False,allenai/OLMo-7B-0424-hf
3,He built a house out of,inconceivable,language.,1,Ġbuilt,-8.280656814575195,False,allenai/OLMo-7B-0424-hf
3,He built a house out of,inconceivable,language.,2,Ġa,-1.331857681274414,False,allenai/OLMo-7B-0424-hf
3,He built a house out of,inconceivable,language.,3,Ġhouse,-3.6807212829589844,False,allenai/OLMo-7B-0424-hf
3,He built a house out of,inconceivable,language.,4,Ġout,-4.422214508056641,False,allenai/OLMo-7B-0424-hf
3,He built a house out of,inconceivable,language.,5,Ġof,-0.15816497802734375,False,allenai/OLMo-7B-0424-hf
3,He built a house out of,inconceivable,language.,6,Ġlanguage,-11.776688575744629,True,allenai/OLMo-7B-0424-hf
3,He built a house out of,inconceivable,language.,7,.,-1.5152530670166016,True,allenai/OLMo-7B-0424-hf
3,He built a house out of,inconceivable_syntactic,at.,0,He,0.0,False,allenai/OLMo-7B-0424-hf
3,He built a house out of,inconceivable_syntactic,at.,1,Ġbuilt,-8.280656814575195,False,allenai/OLMo-7B-0424-hf
3,He built a house out of,inconceivable_syntactic,at.,2,Ġa,-1.331857681274414,False,allenai/OLMo-7B-0424-hf
3,He built a house out of,inconceivable_syntactic,at.,3,Ġhouse,-3.6807212829589844,False,allenai/OLMo-7B-0424-hf
3,He built a house out of,inconceivable_syntactic,at.,4,Ġout,-4.422214508056641,False,allenai/OLMo-7B-0424-hf
3,He built a house out of,inconceivable_syntactic,at.,5,Ġof,-0.15816497802734375,False,allenai/OLMo-7B-0424-hf
3,He built a house out of,inconceivable_syntactic,at.,6,Ġat,-11.075739860534668,True,allenai/OLMo-7B-0424-hf
3,He built a house out of,inconceivable_syntactic,at.,7,.,-6.931878089904785,True,allenai/OLMo-7B-0424-hf
4,He built a bridge out of,probable,steel.,0,He,0.0,False,allenai/OLMo-7B-0424-hf
4,He built a bridge out of,probable,steel.,1,Ġbuilt,-8.280656814575195,False,allenai/OLMo-7B-0424-hf
4,He built a bridge out of,probable,steel.,2,Ġa,-1.331857681274414,False,allenai/OLMo-7B-0424-hf
4,He built a bridge out of,probable,steel.,3,Ġbridge,-6.09162712097168,False,allenai/OLMo-7B-0424-hf
4,He built a bridge out of,probable,steel.,4,Ġout,-3.8861465454101562,False,allenai/OLMo-7B-0424-hf
4,He built a bridge out of,probable,steel.,5,Ġof,-0.05755805969238281,False,allenai/OLMo-7B-0424-hf
4,He built a bridge out of,probable,steel.,6,Ġsteel,-5.388958930969238,True,allenai/OLMo-7B-0424-hf
4,He built a bridge out of,probable,steel.,7,.,-3.068401336669922,True,allenai/OLMo-7B-0424-hf
4,He built a bridge out of,improbable,plastic.,0,He,0.0,False,allenai/OLMo-7B-0424-hf
4,He built a bridge out of,improbable,plastic.,1,Ġbuilt,-8.280656814575195,False,allenai/OLMo-7B-0424-hf
4,He built a bridge out of,improbable,plastic.,2,Ġa,-1.331857681274414,False,allenai/OLMo-7B-0424-hf
4,He built a bridge out of,improbable,plastic.,3,Ġbridge,-6.09162712097168,False,allenai/OLMo-7B-0424-hf
4,He built a bridge out of,improbable,plastic.,4,Ġout,-3.8861465454101562,False,allenai/OLMo-7B-0424-hf
4,He built a bridge out of,improbable,plastic.,5,Ġof,-0.05755805969238281,False,allenai/OLMo-7B-0424-hf
4,He built a bridge out of,improbable,plastic.,6,Ġplastic,-5.879172325134277,True,allenai/OLMo-7B-0424-hf
4,He built a bridge out of,improbable,plastic.,7,.,-4.051241874694824,True,allenai/OLMo-7B-0424-hf
4,He built a bridge out of,impossible,soup.,0,He,0.0,False,allenai/OLMo-7B-0424-hf
4,He built a bridge out of,impossible,soup.,1,Ġbuilt,-8.280656814575195,False,allenai/OLMo-7B-0424-hf
4,He built a bridge out of,impossible,soup.,2,Ġa,-1.331857681274414,False,allenai/OLMo-7B-0424-hf
4,He built a bridge out of,impossible,soup.,3,Ġbridge,-6.09162712097168,False,allenai/OLMo-7B-0424-hf
4,He built a bridge out of,impossible,soup.,4,Ġout,-3.8861465454101562,False,allenai/OLMo-7B-0424-hf
4,He built a bridge out of,impossible,soup.,5,Ġof,-0.05755805969238281,False,allenai/OLMo-7B-0424-hf
4,He built a bridge out of,impossible,soup.,6,Ġsoup,-8.171375274658203,True,allenai/OLMo-7B-0424-hf
4,He built a bridge out of,impossible,soup.,7,.,-3.768400192260742,True,allenai/OLMo-7B-0424-hf
4,He built a bridge out of,inconceivable,dance.,0,He,0.0,False,allenai/OLMo-7B-0424-hf
4,He built a bridge out of,inconceivable,dance.,1,Ġbuilt,-8.280656814575195,False,allenai/OLMo-7B-0424-hf
4,He built a bridge out of,inconceivable,dance.,2,Ġa,-1.331857681274414,False,allenai/OLMo-7B-0424-hf
4,He built a bridge out of,inconceivable,dance.,3,Ġbridge,-6.09162712097168,False,allenai/OLMo-7B-0424-hf
4,He built a bridge out of,inconceivable,dance.,4,Ġout,-3.8861465454101562,False,allenai/OLMo-7B-0424-hf
4,He built a bridge out of,inconceivable,dance.,5,Ġof,-0.05755805969238281,False,allenai/OLMo-7B-0424-hf
4,He built a bridge out of,inconceivable,dance.,6,Ġdance,-9.919849395751953,True,allenai/OLMo-7B-0424-hf
4,He built a bridge out of,inconceivable,dance.,7,.,-2.6629257202148438,True,allenai/OLMo-7B-0424-hf
4,He built a bridge out of,inconceivable_syntactic,fell.,0,He,0.0,False,allenai/OLMo-7B-0424-hf
4,He built a bridge out of,inconceivable_syntactic,fell.,1,Ġbuilt,-8.280656814575195,False,allenai/OLMo-7B-0424-hf
4,He built a bridge out of,inconceivable_syntactic,fell.,2,Ġa,-1.331857681274414,False,allenai/OLMo-7B-0424-hf
4,He built a bridge out of,inconceivable_syntactic,fell.,3,Ġbridge,-6.09162712097168,False,allenai/OLMo-7B-0424-hf
4,He built a bridge out of,inconceivable_syntactic,fell.,4,Ġout,-3.8861465454101562,False,allenai/OLMo-7B-0424-hf
4,He built a bridge out of,inconceivable_syntactic,fell.,5,Ġof,-0.05755805969238281,False,allenai/OLMo-7B-0424-hf
4,He built a bridge out of,inconceivable_syntactic,fell.,6,Ġfell,-12.12399959564209,True,allenai/OLMo-7B-0424-hf
4,He built a bridge out of,inconceivable_syntactic,fell.,7,.,-4.658159255981445,True,allenai/OLMo-7B-0424-hf
5,He called a friend using,probable,a phone.,0,He,0.0,False,allenai/OLMo-7B-0424-hf
5,He called a friend using,probable,a phone.,1,Ġcalled,-7.444760322570801,False,allenai/OLMo-7B-0424-hf
5,He called a friend using,probable,a phone.,2,Ġa,-3.7207908630371094,False,allenai/OLMo-7B-0424-hf
5,He called a friend using,probable,a phone.,3,Ġfriend,-3.0017261505126953,False,allenai/OLMo-7B-0424-hf
5,He called a friend using,probable,a phone.,4,Ġusing,-8.233125686645508,False,allenai/OLMo-7B-0424-hf
5,He called a friend using,probable,a phone.,5,Ġa,-1.5709714889526367,True,allenai/OLMo-7B-0424-hf
5,He called a friend using,probable,a phone.,6,Ġphone,-3.3518476486206055,True,allenai/OLMo-7B-0424-hf
5,He called a friend using,probable,a phone.,7,.,-3.54754638671875,True,allenai/OLMo-7B-0424-hf
5,He called a friend using,improbable,a laptop.,0,He,0.0,False,allenai/OLMo-7B-0424-hf
5,He called a friend using,improbable,a laptop.,1,Ġcalled,-7.444760322570801,False,allenai/OLMo-7B-0424-hf
5,He called a friend using,improbable,a laptop.,2,Ġa,-3.7207908630371094,False,allenai/OLMo-7B-0424-hf
5,He called a friend using,improbable,a laptop.,3,Ġfriend,-3.0017261505126953,False,allenai/OLMo-7B-0424-hf
5,He called a friend using,improbable,a laptop.,4,Ġusing,-8.233125686645508,False,allenai/OLMo-7B-0424-hf
5,He called a friend using,improbable,a laptop.,5,Ġa,-1.5709714889526367,True,allenai/OLMo-7B-0424-hf
5,He called a friend using,improbable,a laptop.,6,Ġlaptop,-6.961858749389648,True,allenai/OLMo-7B-0424-hf
5,He called a friend using,improbable,a laptop.,7,.,-2.43499755859375,True,allenai/OLMo-7B-0424-hf
5,He called a friend using,impossible,a sandwich.,0,He,0.0,False,allenai/OLMo-7B-0424-hf
5,He called a friend using,impossible,a sandwich.,1,Ġcalled,-7.444760322570801,False,allenai/OLMo-7B-0424-hf
5,He called a friend using,impossible,a sandwich.,2,Ġa,-3.7207908630371094,False,allenai/OLMo-7B-0424-hf
5,He called a friend using,impossible,a sandwich.,3,Ġfriend,-3.0017261505126953,False,allenai/OLMo-7B-0424-hf
5,He called a friend using,impossible,a sandwich.,4,Ġusing,-8.233125686645508,False,allenai/OLMo-7B-0424-hf
5,He called a friend using,impossible,a sandwich.,5,Ġa,-1.5709714889526367,True,allenai/OLMo-7B-0424-hf
5,He called a friend using,impossible,a sandwich.,6,Ġsandwich,-9.98836898803711,True,allenai/OLMo-7B-0424-hf
5,He called a friend using,impossible,a sandwich.,7,.,-3.970735549926758,True,allenai/OLMo-7B-0424-hf
5,He called a friend using,inconceivable,mass.,0,He,0.0,False,allenai/OLMo-7B-0424-hf
5,He called a friend using,inconceivable,mass.,1,Ġcalled,-7.444766521453857,False,allenai/OLMo-7B-0424-hf
5,He called a friend using,inconceivable,mass.,2,Ġa,-3.7207956314086914,False,allenai/OLMo-7B-0424-hf
5,He called a friend using,inconceivable,mass.,3,Ġfriend,-3.0017223358154297,False,allenai/OLMo-7B-0424-hf
5,He called a friend using,inconceivable,mass.,4,Ġusing,-8.233120918273926,False,allenai/OLMo-7B-0424-hf
5,He called a friend using,inconceivable,mass.,5,Ġmass,-11.57807731628418,True,allenai/OLMo-7B-0424-hf
5,He called a friend using,inconceivable,mass.,6,.,-5.6438188552856445,True,allenai/OLMo-7B-0424-hf
5,He called a friend using,inconceivable_syntactic,with.,0,He,0.0,False,allenai/OLMo-7B-0424-hf
5,He called a friend using,inconceivable_syntactic,with.,1,Ġcalled,-7.444766521453857,False,allenai/OLMo-7B-0424-hf
5,He called a friend using,inconceivable_syntactic,with.,2,Ġa,-3.7207956314086914,False,allenai/OLMo-7B-0424-hf
5,He called a friend using,inconceivable_syntactic,with.,3,Ġfriend,-3.0017223358154297,False,allenai/OLMo-7B-0424-hf
5,He called a friend using,inconceivable_syntactic,with.,4,Ġusing,-8.233120918273926,False,allenai/OLMo-7B-0424-hf
5,He called a friend using,inconceivable_syntactic,with.,5,Ġwith,-10.175342559814453,True,allenai/OLMo-7B-0424-hf
5,He called a friend using,inconceivable_syntactic,with.,6,.,-4.875423431396484,True,allenai/OLMo-7B-0424-hf
6,He carried groceries inside,probable,a tote bag.,0,He,0.0,False,allenai/OLMo-7B-0424-hf
6,He carried groceries inside,probable,a tote bag.,1,Ġcarried,-8.171990394592285,False,allenai/OLMo-7B-0424-hf
6,He carried groceries inside,probable,a tote bag.,2,Ġgrocer,-10.182037353515625,False,allenai/OLMo-7B-0424-hf
6,He carried groceries inside,probable,a tote bag.,3,ies,-0.00373077392578125,False,allenai/OLMo-7B-0424-hf
6,He carried groceries inside,probable,a tote bag.,4,Ġinside,-5.273927688598633,False,allenai/OLMo-7B-0424-hf
6,He carried groceries inside,probable,a tote bag.,5,Ġa,-4.01994514465332,True,allenai/OLMo-7B-0424-hf
6,He carried groceries inside,probable,a tote bag.,6,Ġto,-5.526270866394043,True,allenai/OLMo-7B-0424-hf
6,He carried groceries inside,probable,a tote bag.,7,te,-0.041873931884765625,True,allenai/OLMo-7B-0424-hf
6,He carried groceries inside,probable,a tote bag.,8,Ġbag,-0.3938446044921875,True,allenai/OLMo-7B-0424-hf
6,He carried groceries inside,probable,a tote bag.,9,.,-1.5111732482910156,True,allenai/OLMo-7B-0424-hf
6,He carried groceries inside,improbable,a backpack.,0,He,0.0,False,allenai/OLMo-7B-0424-hf
6,He carried groceries inside,improbable,a backpack.,1,Ġcarried,-8.171985626220703,False,allenai/OLMo-7B-0424-hf
6,He carried groceries inside,improbable,a backpack.,2,Ġgrocer,-10.182039260864258,False,allenai/OLMo-7B-0424-hf
6,He carried groceries inside,improbable,a backpack.,3,ies,-0.00373077392578125,False,allenai/OLMo-7B-0424-hf
6,He carried groceries inside,improbable,a backpack.,4,Ġinside,-5.273920059204102,False,allenai/OLMo-7B-0424-hf
6,He carried groceries inside,improbable,a backpack.,5,Ġa,-4.019940376281738,True,allenai/OLMo-7B-0424-hf
6,He carried groceries inside,improbable,a backpack.,6,Ġbackpack,-5.83575439453125,True,allenai/OLMo-7B-0424-hf
6,He carried groceries inside,improbable,a backpack.,7,.,-1.5180740356445312,True,allenai/OLMo-7B-0424-hf
6,He carried groceries inside,impossible,a tornado.,0,He,0.0,False,allenai/OLMo-7B-0424-hf
6,He carried groceries inside,impossible,a tornado.,1,Ġcarried,-8.171985626220703,False,allenai/OLMo-7B-0424-hf
6,He carried groceries inside,impossible,a tornado.,2,Ġgrocer,-10.182039260864258,False,allenai/OLMo-7B-0424-hf
6,He carried groceries inside,impossible,a tornado.,3,ies,-0.00373077392578125,False,allenai/OLMo-7B-0424-hf
6,He carried groceries inside,impossible,a tornado.,4,Ġinside,-5.273920059204102,False,allenai/OLMo-7B-0424-hf
6,He carried groceries inside,impossible,a tornado.,5,Ġa,-4.019940376281738,True,allenai/OLMo-7B-0424-hf
6,He carried groceries inside,impossible,a tornado.,6,Ġtornado,-11.323615074157715,True,allenai/OLMo-7B-0424-hf
6,He carried groceries inside,impossible,a tornado.,7,.,-1.5894041061401367,True,allenai/OLMo-7B-0424-hf
6,He carried groceries inside,inconceivable,a law.,0,He,0.0,False,allenai/OLMo-7B-0424-hf
6,He carried groceries inside,inconceivable,a law.,1,Ġcarried,-8.171985626220703,False,allenai/OLMo-7B-0424-hf
6,He carried groceries inside,inconceivable,a law.,2,Ġgrocer,-10.182039260864258,False,allenai/OLMo-7B-0424-hf
6,He carried groceries inside,inconceivable,a law.,3,ies,-0.00373077392578125,False,allenai/OLMo-7B-0424-hf
6,He carried groceries inside,inconceivable,a law.,4,Ġinside,-5.273920059204102,False,allenai/OLMo-7B-0424-hf
6,He carried groceries inside,inconceivable,a law.,5,Ġa,-4.019940376281738,True,allenai/OLMo-7B-0424-hf
6,He carried groceries inside,inconceivable,a law.,6,Ġlaw,-11.12030029296875,True,allenai/OLMo-7B-0424-hf
6,He carried groceries inside,inconceivable,a law.,7,.,-4.956130027770996,True,allenai/OLMo-7B-0424-hf
6,He carried groceries inside,inconceivable_syntactic,give.,0,He,0.0,False,allenai/OLMo-7B-0424-hf
6,He carried groceries inside,inconceivable_syntactic,give.,1,Ġcarried,-8.171985626220703,False,allenai/OLMo-7B-0424-hf
6,He carried groceries inside,inconceivable_syntactic,give.,2,Ġgrocer,-10.182038307189941,False,allenai/OLMo-7B-0424-hf
6,He carried groceries inside,inconceivable_syntactic,give.,3,ies,-0.00373077392578125,False,allenai/OLMo-7B-0424-hf
6,He carried groceries inside,inconceivable_syntactic,give.,4,Ġinside,-5.273928642272949,False,allenai/OLMo-7B-0424-hf
6,He carried groceries inside,inconceivable_syntactic,give.,5,Ġgive,-13.634737968444824,True,allenai/OLMo-7B-0424-hf
6,He carried groceries inside,inconceivable_syntactic,give.,6,.,-4.877790451049805,True,allenai/OLMo-7B-0424-hf
7,He carved a statue using,probable,a chisel.,0,He,0.0,False,allenai/OLMo-7B-0424-hf
7,He carved a statue using,probable,a chisel.,1,Ġcarved,-11.149993896484375,False,allenai/OLMo-7B-0424-hf
7,He carved a statue using,probable,a chisel.,2,Ġa,-1.7087631225585938,False,allenai/OLMo-7B-0424-hf
7,He carved a statue using,probable,a chisel.,3,Ġstatue,-4.48142147064209,False,allenai/OLMo-7B-0424-hf
7,He carved a statue using,probable,a chisel.,4,Ġusing,-6.792038917541504,False,allenai/OLMo-7B-0424-hf
7,He carved a statue using,probable,a chisel.,5,Ġa,-1.7154998779296875,True,allenai/OLMo-7B-0424-hf
7,He carved a statue using,probable,a chisel.,6,Ġch,-3.6512670516967773,True,allenai/OLMo-7B-0424-hf
7,He carved a statue using,probable,a chisel.,7,isel,-0.010530471801757812,True,allenai/OLMo-7B-0424-hf
7,He carved a statue using,probable,a chisel.,8,.,-2.0724973678588867,True,allenai/OLMo-7B-0424-hf
7,He carved a statue using,improbable,a nail.,0,He,0.0,False,allenai/OLMo-7B-0424-hf
7,He carved a statue using,improbable,a nail.,1,Ġcarved,-11.14999008178711,False,allenai/OLMo-7B-0424-hf
7,He carved a statue using,improbable,a nail.,2,Ġa,-1.7087593078613281,False,allenai/OLMo-7B-0424-hf
7,He carved a statue using,improbable,a nail.,3,Ġstatue,-4.4814252853393555,False,allenai/OLMo-7B-0424-hf
7,He carved a statue using,improbable,a nail.,4,Ġusing,-6.792032241821289,False,allenai/OLMo-7B-0424-hf
7,He carved a statue using,improbable,a nail.,5,Ġa,-1.7155027389526367,True,allenai/OLMo-7B-0424-hf
7,He carved a statue using,improbable,a nail.,6,Ġnail,-7.552972793579102,True,allenai/OLMo-7B-0424-hf
7,He carved a statue using,improbable,a nail.,7,.,-2.4550209045410156,True,allenai/OLMo-7B-0424-hf
7,He carved a statue using,impossible,a sock.,0,He,0.0,False,allenai/OLMo-7B-0424-hf
7,He carved a statue using,impossible,a sock.,1,Ġcarved,-11.14999008178711,False,allenai/OLMo-7B-0424-hf
7,He carved a statue using,impossible,a sock.,2,Ġa,-1.7087593078613281,False,allenai/OLMo-7B-0424-hf
7,He carved a statue using,impossible,a sock.,3,Ġstatue,-4.4814252853393555,False,allenai/OLMo-7B-0424-hf
7,He carved a statue using,impossible,a sock.,4,Ġusing,-6.792032241821289,False,allenai/OLMo-7B-0424-hf
7,He carved a statue using,impossible,a sock.,5,Ġa,-1.7155027389526367,True,allenai/OLMo-7B-0424-hf
7,He carved a statue using,impossible,a sock.,6,Ġsock,-10.438899993896484,True,allenai/OLMo-7B-0424-hf
7,He carved a statue using,impossible,a sock.,7,.,-1.864950180053711,True,allenai/OLMo-7B-0424-hf
7,He carved a statue using,inconceivable,laughter.,0,He,0.0,False,allenai/OLMo-7B-0424-hf
7,He carved a statue using,inconceivable,laughter.,1,Ġcarved,-11.149991989135742,False,allenai/OLMo-7B-0424-hf
7,He carved a statue using,inconceivable,laughter.,2,Ġa,-1.7087621688842773,False,allenai/OLMo-7B-0424-hf
7,He carved a statue using,inconceivable,laughter.,3,Ġstatue,-4.481422424316406,False,allenai/OLMo-7B-0424-hf
7,He carved a statue using,inconceivable,laughter.,4,Ġusing,-6.792040824890137,False,allenai/OLMo-7B-0424-hf
7,He carved a statue using,inconceivable,laughter.,5,Ġlaughter,-11.940459251403809,True,allenai/OLMo-7B-0424-hf
7,He carved a statue using,inconceivable,laughter.,6,.,-1.8321170806884766,True,allenai/OLMo-7B-0424-hf
7,He carved a statue using,inconceivable_syntactic,forget.,0,He,0.0,False,allenai/OLMo-7B-0424-hf
7,He carved a statue using,inconceivable_syntactic,forget.,1,Ġcarved,-11.149991989135742,False,allenai/OLMo-7B-0424-hf
7,He carved a statue using,inconceivable_syntactic,forget.,2,Ġa,-1.7087621688842773,False,allenai/OLMo-7B-0424-hf
7,He carved a statue using,inconceivable_syntactic,forget.,3,Ġstatue,-4.481422424316406,False,allenai/OLMo-7B-0424-hf
7,He carved a statue using,inconceivable_syntactic,forget.,4,Ġusing,-6.792040824890137,False,allenai/OLMo-7B-0424-hf
7,He carved a statue using,inconceivable_syntactic,forget.,5,Ġforget,-13.475461959838867,True,allenai/OLMo-7B-0424-hf
7,He carved a statue using,inconceivable_syntactic,forget.,6,.,-5.690057754516602,True,allenai/OLMo-7B-0424-hf
8,He caught a fish in,probable,a lake.,0,He,0.0,False,allenai/OLMo-7B-0424-hf
8,He caught a fish in,probable,a lake.,1,Ġcaught,-8.886835098266602,False,allenai/OLMo-7B-0424-hf
8,He caught a fish in,probable,a lake.,2,Ġa,-1.9850292205810547,False,allenai/OLMo-7B-0424-hf
8,He caught a fish in,probable,a lake.,3,Ġfish,-4.013370513916016,False,allenai/OLMo-7B-0424-hf
8,He caught a fish in,probable,a lake.,4,Ġin,-3.1768836975097656,False,allenai/OLMo-7B-0424-hf
8,He caught a fish in,probable,a lake.,5,Ġa,-2.4176673889160156,True,allenai/OLMo-7B-0424-hf
8,He caught a fish in,probable,a lake.,6,Ġlake,-2.229811668395996,True,allenai/OLMo-7B-0424-hf
8,He caught a fish in,probable,a lake.,7,.,-1.9916496276855469,True,allenai/OLMo-7B-0424-hf
8,He caught a fish in,improbable,a puddle.,0,He,0.0,False,allenai/OLMo-7B-0424-hf
8,He caught a fish in,improbable,a puddle.,1,Ġcaught,-8.886839866638184,False,allenai/OLMo-7B-0424-hf
8,He caught a fish in,improbable,a puddle.,2,Ġa,-1.985025405883789,False,allenai/OLMo-7B-0424-hf
8,He caught a fish in,improbable,a puddle.,3,Ġfish,-4.01338005065918,False,allenai/OLMo-7B-0424-hf
8,He caught a fish in,improbable,a puddle.,4,Ġin,-3.1768980026245117,False,allenai/OLMo-7B-0424-hf
8,He caught a fish in,improbable,a puddle.,5,Ġa,-2.4176788330078125,True,allenai/OLMo-7B-0424-hf
8,He caught a fish in,improbable,a puddle.,6,Ġp,-4.823288917541504,True,allenai/OLMo-7B-0424-hf
8,He caught a fish in,improbable,a puddle.,7,uddle,-0.18123626708984375,True,allenai/OLMo-7B-0424-hf
8,He caught a fish in,improbable,a puddle.,8,.,-1.959207534790039,True,allenai/OLMo-7B-0424-hf
8,He caught a fish in,impossible,a raindrop.,0,He,0.0,False,allenai/OLMo-7B-0424-hf
8,He caught a fish in,impossible,a raindrop.,1,Ġcaught,-8.886839866638184,False,allenai/OLMo-7B-0424-hf
8,He caught a fish in,impossible,a raindrop.,2,Ġa,-1.985025405883789,False,allenai/OLMo-7B-0424-hf
8,He caught a fish in,impossible,a raindrop.,3,Ġfish,-4.01338005065918,False,allenai/OLMo-7B-0424-hf
8,He caught a fish in,impossible,a raindrop.,4,Ġin,-3.1768980026245117,False,allenai/OLMo-7B-0424-hf
8,He caught a fish in,impossible,a raindrop.,5,Ġa,-2.4176788330078125,True,allenai/OLMo-7B-0424-hf
8,He caught a fish in,impossible,a raindrop.,6,Ġra,-7.234279632568359,True,allenai/OLMo-7B-0424-hf
8,He caught a fish in,impossible,a raindrop.,7,ind,-4.103148460388184,True,allenai/OLMo-7B-0424-hf
8,He caught a fish in,impossible,a raindrop.,8,rop,-0.021472930908203125,True,allenai/OLMo-7B-0424-hf
8,He caught a fish in,impossible,a raindrop.,9,.,-1.4470300674438477,True,allenai/OLMo-7B-0424-hf
8,He caught a fish in,inconceivable,an exclamation.,0,He,0.0,False,allenai/OLMo-7B-0424-hf
8,He caught a fish in,inconceivable,an exclamation.,1,Ġcaught,-8.886839866638184,False,allenai/OLMo-7B-0424-hf
8,He caught a fish in,inconceivable,an exclamation.,2,Ġa,-1.985025405883789,False,allenai/OLMo-7B-0424-hf
8,He caught a fish in,inconceivable,an exclamation.,3,Ġfish,-4.01338005065918,False,allenai/OLMo-7B-0424-hf
8,He caught a fish in,inconceivable,an exclamation.,4,Ġin,-3.1768980026245117,False,allenai/OLMo-7B-0424-hf
8,He caught a fish in,inconceivable,an exclamation.,5,Ġan,-5.183657646179199,True,allenai/OLMo-7B-0424-hf
8,He caught a fish in,inconceivable,an exclamation.,6,Ġex,-7.417258262634277,True,allenai/OLMo-7B-0424-hf
8,He caught a fish in,inconceivable,an exclamation.,7,clamation,-3.1798009872436523,True,allenai/OLMo-7B-0424-hf
8,He caught a fish in,inconceivable,an exclamation.,8,.,-3.0595483779907227,True,allenai/OLMo-7B-0424-hf
8,He caught a fish in,inconceivable_syntactic,become.,0,He,0.0,False,allenai/OLMo-7B-0424-hf
8,He caught a fish in,inconceivable_syntactic,become.,1,Ġcaught,-8.886836051940918,False,allenai/OLMo-7B-0424-hf
8,He caught a fish in,inconceivable_syntactic,become.,2,Ġa,-1.9850244522094727,False,allenai/OLMo-7B-0424-hf
8,He caught a fish in,inconceivable_syntactic,become.,3,Ġfish,-4.01338005065918,False,allenai/OLMo-7B-0424-hf
8,He caught a fish in,inconceivable_syntactic,become.,4,Ġin,-3.1768970489501953,False,allenai/OLMo-7B-0424-hf
8,He caught a fish in,inconceivable_syntactic,become.,5,Ġbecome,-15.433727264404297,True,allenai/OLMo-7B-0424-hf
8,He caught a fish in,inconceivable_syntactic,become.,6,.,-4.385366439819336,True,allenai/OLMo-7B-0424-hf
9,He chilled a drink using,probable,ice.,0,He,0.0,False,allenai/OLMo-7B-0424-hf
9,He chilled a drink using,probable,ice.,1,Ġchilled,-12.860161781311035,False,allenai/OLMo-7B-0424-hf
9,He chilled a drink using,probable,ice.,2,Ġa,-3.252277374267578,False,allenai/OLMo-7B-0424-hf
9,He chilled a drink using,probable,ice.,3,Ġdrink,-5.718615531921387,False,allenai/OLMo-7B-0424-hf
9,He chilled a drink using,probable,ice.,4,Ġusing,-6.955456733703613,False,allenai/OLMo-7B-0424-hf
9,He chilled a drink using,probable,ice.,5,Ġice,-2.7483482360839844,True,allenai/OLMo-7B-0424-hf
9,He chilled a drink using,probable,ice.,6,.,-2.402303695678711,True,allenai/OLMo-7B-0424-hf
9,He chilled a drink using,improbable,snow.,0,He,0.0,False,allenai/OLMo-7B-0424-hf
9,He chilled a drink using,improbable,snow.,1,Ġchilled,-12.860161781311035,False,allenai/OLMo-7B-0424-hf
9,He chilled a drink using,improbable,snow.,2,Ġa,-3.252277374267578,False,allenai/OLMo-7B-0424-hf
9,He chilled a drink using,improbable,snow.,3,Ġdrink,-5.718615531921387,False,allenai/OLMo-7B-0424-hf
9,He chilled a drink using,improbable,snow.,4,Ġusing,-6.955456733703613,False,allenai/OLMo-7B-0424-hf
9,He chilled a drink using,improbable,snow.,5,Ġsnow,-6.228358268737793,True,allenai/OLMo-7B-0424-hf
9,He chilled a drink using,improbable,snow.,6,.,-1.9284839630126953,True,allenai/OLMo-7B-0424-hf
9,He chilled a drink using,impossible,fire.,0,He,0.0,False,allenai/OLMo-7B-0424-hf
9,He chilled a drink using,impossible,fire.,1,Ġchilled,-12.860161781311035,False,allenai/OLMo-7B-0424-hf
9,He chilled a drink using,impossible,fire.,2,Ġa,-3.252277374267578,False,allenai/OLMo-7B-0424-hf
9,He chilled a drink using,impossible,fire.,3,Ġdrink,-5.718615531921387,False,allenai/OLMo-7B-0424-hf
9,He chilled a drink using,impossible,fire.,4,Ġusing,-6.955456733703613,False,allenai/OLMo-7B-0424-hf
9,He chilled a drink using,impossible,fire.,5,Ġfire,-7.084259986877441,True,allenai/OLMo-7B-0424-hf
9,He chilled a drink using,impossible,fire.,6,.,-1.6206979751586914,True,allenai/OLMo-7B-0424-hf
9,He chilled a drink using,inconceivable,yesterday.,0,He,0.0,False,allenai/OLMo-7B-0424-hf
9,He chilled a drink using,inconceivable,yesterday.,1,Ġchilled,-12.860161781311035,False,allenai/OLMo-7B-0424-hf
9,He chilled a drink using,inconceivable,yesterday.,2,Ġa,-3.252277374267578,False,allenai/OLMo-7B-0424-hf
9,He chilled a drink using,inconceivable,yesterday.,3,Ġdrink,-5.718615531921387,False,allenai/OLMo-7B-0424-hf
9,He chilled a drink using,inconceivable,yesterday.,4,Ġusing,-6.955456733703613,False,allenai/OLMo-7B-0424-hf
9,He chilled a drink using,inconceivable,yesterday.,5,Ġyesterday,-11.072736740112305,True,allenai/OLMo-7B-0424-hf
9,He chilled a drink using,inconceivable,yesterday.,6,.,-5.609895706176758,True,allenai/OLMo-7B-0424-hf
9,He chilled a drink using,inconceivable_syntactic,onto.,0,He,0.0,False,allenai/OLMo-7B-0424-hf
9,He chilled a drink using,inconceivable_syntactic,onto.,1,Ġchilled,-12.860161781311035,False,allenai/OLMo-7B-0424-hf
9,He chilled a drink using,inconceivable_syntactic,onto.,2,Ġa,-3.252277374267578,False,allenai/OLMo-7B-0424-hf
9,He chilled a drink using,inconceivable_syntactic,onto.,3,Ġdrink,-5.718615531921387,False,allenai/OLMo-7B-0424-hf
9,He chilled a drink using,inconceivable_syntactic,onto.,4,Ġusing,-6.955456733703613,False,allenai/OLMo-7B-0424-hf
9,He chilled a drink using,inconceivable_syntactic,onto.,5,Ġonto,-15.171979904174805,True,allenai/OLMo-7B-0424-hf
9,He chilled a drink using,inconceivable_syntactic,onto.,6,.,-4.131987571716309,True,allenai/OLMo-7B-0424-hf
10,He chopped a carrot using,probable,a knife.,0,He,0.0,False,allenai/OLMo-7B-0424-hf
10,He chopped a carrot using,probable,a knife.,1,Ġchopped,-11.526029586791992,False,allenai/OLMo-7B-0424-hf
10,He chopped a carrot using,probable,a knife.,2,Ġa,-3.266116142272949,False,allenai/OLMo-7B-0424-hf
10,He chopped a carrot using,probable,a knife.,3,Ġcarrot,-5.246424674987793,False,allenai/OLMo-7B-0424-hf
10,He chopped a carrot using,probable,a knife.,4,Ġusing,-6.117010116577148,False,allenai/OLMo-7B-0424-hf
10,He chopped a carrot using,probable,a knife.,5,Ġa,-0.9516658782958984,True,allenai/OLMo-7B-0424-hf
10,He chopped a carrot using,probable,a knife.,6,Ġknife,-1.5412015914916992,True,allenai/OLMo-7B-0424-hf
10,He chopped a carrot using,probable,a knife.,7,.,-1.3411760330200195,True,allenai/OLMo-7B-0424-hf
10,He chopped a carrot using,improbable,a sword.,0,He,0.0,False,allenai/OLMo-7B-0424-hf
10,He chopped a carrot using,improbable,a sword.,1,Ġchopped,-11.526029586791992,False,allenai/OLMo-7B-0424-hf
10,He chopped a carrot using,improbable,a sword.,2,Ġa,-3.266116142272949,False,allenai/OLMo-7B-0424-hf
10,He chopped a carrot using,improbable,a sword.,3,Ġcarrot,-5.246424674987793,False,allenai/OLMo-7B-0424-hf
10,He chopped a carrot using,improbable,a sword.,4,Ġusing,-6.117010116577148,False,allenai/OLMo-7B-0424-hf
10,He chopped a carrot using,improbable,a sword.,5,Ġa,-0.9516658782958984,True,allenai/OLMo-7B-0424-hf
10,He chopped a carrot using,improbable,a sword.,6,Ġsword,-6.017971992492676,True,allenai/OLMo-7B-0424-hf
10,He chopped a carrot using,improbable,a sword.,7,.,-1.1951732635498047,True,allenai/OLMo-7B-0424-hf
10,He chopped a carrot using,impossible,a rag.,0,He,0.0,False,allenai/OLMo-7B-0424-hf
10,He chopped a carrot using,impossible,a rag.,1,Ġchopped,-11.526029586791992,False,allenai/OLMo-7B-0424-hf
10,He chopped a carrot using,impossible,a rag.,2,Ġa,-3.266116142272949,False,allenai/OLMo-7B-0424-hf
10,He chopped a carrot using,impossible,a rag.,3,Ġcarrot,-5.246424674987793,False,allenai/OLMo-7B-0424-hf
10,He chopped a carrot using,impossible,a rag.,4,Ġusing,-6.117010116577148,False,allenai/OLMo-7B-0424-hf
10,He chopped a carrot using,impossible,a rag.,5,Ġa,-0.9516658782958984,True,allenai/OLMo-7B-0424-hf
10,He chopped a carrot using,impossible,a rag.,6,Ġrag,-11.0719633102417,True,allenai/OLMo-7B-0424-hf
10,He chopped a carrot using,impossible,a rag.,7,.,-1.93902587890625,True,allenai/OLMo-7B-0424-hf
10,He chopped a carrot using,inconceivable,a color.,0,He,0.0,False,allenai/OLMo-7B-0424-hf
10,He chopped a carrot using,inconceivable,a color.,1,Ġchopped,-11.526029586791992,False,allenai/OLMo-7B-0424-hf
10,He chopped a carrot using,inconceivable,a color.,2,Ġa,-3.266116142272949,False,allenai/OLMo-7B-0424-hf
10,He chopped a carrot using,inconceivable,a color.,3,Ġcarrot,-5.246424674987793,False,allenai/OLMo-7B-0424-hf
10,He chopped a carrot using,inconceivable,a color.,4,Ġusing,-6.117010116577148,False,allenai/OLMo-7B-0424-hf
10,He chopped a carrot using,inconceivable,a color.,5,Ġa,-0.9516658782958984,True,allenai/OLMo-7B-0424-hf
10,He chopped a carrot using,inconceivable,a color.,6,Ġcolor,-10.854887008666992,True,allenai/OLMo-7B-0424-hf
10,He chopped a carrot using,inconceivable,a color.,7,.,-4.580527305603027,True,allenai/OLMo-7B-0424-hf
10,He chopped a carrot using,inconceivable_syntactic,through.,0,He,0.0,False,allenai/OLMo-7B-0424-hf
10,He chopped a carrot using,inconceivable_syntactic,through.,1,Ġchopped,-11.526030540466309,False,allenai/OLMo-7B-0424-hf
10,He chopped a carrot using,inconceivable_syntactic,through.,2,Ġa,-3.2661237716674805,False,allenai/OLMo-7B-0424-hf
10,He chopped a carrot using,inconceivable_syntactic,through.,3,Ġcarrot,-5.246424674987793,False,allenai/OLMo-7B-0424-hf
10,He chopped a carrot using,inconceivable_syntactic,through.,4,Ġusing,-6.11700439453125,False,allenai/OLMo-7B-0424-hf
10,He chopped a carrot using,inconceivable_syntactic,through.,5,Ġthrough,-12.672779083251953,True,allenai/OLMo-7B-0424-hf
10,He chopped a carrot using,inconceivable_syntactic,through.,6,.,-4.542324066162109,True,allenai/OLMo-7B-0424-hf
11,He cleaned a spill using,probable,a sponge.,0,He,0.0,False,allenai/OLMo-7B-0424-hf
11,He cleaned a spill using,probable,a sponge.,1,Ġcleaned,-9.787803649902344,False,allenai/OLMo-7B-0424-hf
11,He cleaned a spill using,probable,a sponge.,2,Ġa,-4.519765853881836,False,allenai/OLMo-7B-0424-hf
11,He cleaned a spill using,probable,a sponge.,3,Ġspill,-8.532379150390625,False,allenai/OLMo-7B-0424-hf
11,He cleaned a spill using,probable,a sponge.,4,Ġusing,-5.776995658874512,False,allenai/OLMo-7B-0424-hf
11,He cleaned a spill using,probable,a sponge.,5,Ġa,-1.2436609268188477,True,allenai/OLMo-7B-0424-hf
11,He cleaned a spill using,probable,a sponge.,6,Ġsponge,-3.8209924697875977,True,allenai/OLMo-7B-0424-hf
11,He cleaned a spill using,probable,a sponge.,7,.,-1.702341079711914,True,allenai/OLMo-7B-0424-hf
11,He cleaned a spill using,improbable,a scarf.,0,He,0.0,False,allenai/OLMo-7B-0424-hf
11,He cleaned a spill using,improbable,a scarf.,1,Ġcleaned,-9.787803649902344,False,allenai/OLMo-7B-0424-hf
11,He cleaned a spill using,improbable,a scarf.,2,Ġa,-4.519765853881836,False,allenai/OLMo-7B-0424-hf
11,He cleaned a spill using,improbable,a scarf.,3,Ġspill,-8.532379150390625,False,allenai/OLMo-7B-0424-hf
11,He cleaned a spill using,improbable,a scarf.,4,Ġusing,-5.776995658874512,False,allenai/OLMo-7B-0424-hf
11,He cleaned a spill using,improbable,a scarf.,5,Ġa,-1.2436609268188477,True,allenai/OLMo-7B-0424-hf
11,He cleaned a spill using,improbable,a scarf.,6,Ġscarf,-10.107781410217285,True,allenai/OLMo-7B-0424-hf
11,He cleaned a spill using,improbable,a scarf.,7,.,-1.8382549285888672,True,allenai/OLMo-7B-0424-hf
11,He cleaned a spill using,impossible,mustard.,0,He,0.0,False,allenai/OLMo-7B-0424-hf
11,He cleaned a spill using,impossible,mustard.,1,Ġcleaned,-9.787801742553711,False,allenai/OLMo-7B-0424-hf
11,He cleaned a spill using,impossible,mustard.,2,Ġa,-4.519771575927734,False,allenai/OLMo-7B-0424-hf
11,He cleaned a spill using,impossible,mustard.,3,Ġspill,-8.532380104064941,False,allenai/OLMo-7B-0424-hf
11,He cleaned a spill using,impossible,mustard.,4,Ġusing,-5.776991844177246,False,allenai/OLMo-7B-0424-hf
11,He cleaned a spill using,impossible,mustard.,5,Ġmustard,-10.05449104309082,True,allenai/OLMo-7B-0424-hf
11,He cleaned a spill using,impossible,mustard.,6,.,-1.8210296630859375,True,allenai/OLMo-7B-0424-hf
11,He cleaned a spill using,inconceivable,a country.,0,He,0.0,False,allenai/OLMo-7B-0424-hf
11,He cleaned a spill using,inconceivable,a country.,1,Ġcleaned,-9.787803649902344,False,allenai/OLMo-7B-0424-hf
11,He cleaned a spill using,inconceivable,a country.,2,Ġa,-4.519765853881836,False,allenai/OLMo-7B-0424-hf
11,He cleaned a spill using,inconceivable,a country.,3,Ġspill,-8.532379150390625,False,allenai/OLMo-7B-0424-hf
11,He cleaned a spill using,inconceivable,a country.,4,Ġusing,-5.776995658874512,False,allenai/OLMo-7B-0424-hf
11,He cleaned a spill using,inconceivable,a country.,5,Ġa,-1.2436609268188477,True,allenai/OLMo-7B-0424-hf
11,He cleaned a spill using,inconceivable,a country.,6,Ġcountry,-11.544036865234375,True,allenai/OLMo-7B-0424-hf
11,He cleaned a spill using,inconceivable,a country.,7,.,-6.50712251663208,True,allenai/OLMo-7B-0424-hf
11,He cleaned a spill using,inconceivable_syntactic,without.,0,He,0.0,False,allenai/OLMo-7B-0424-hf
11,He cleaned a spill using,inconceivable_syntactic,without.,1,Ġcleaned,-9.787801742553711,False,allenai/OLMo-7B-0424-hf
11,He cleaned a spill using,inconceivable_syntactic,without.,2,Ġa,-4.519771575927734,False,allenai/OLMo-7B-0424-hf
11,He cleaned a spill using,inconceivable_syntactic,without.,3,Ġspill,-8.532380104064941,False,allenai/OLMo-7B-0424-hf
11,He cleaned a spill using,inconceivable_syntactic,without.,4,Ġusing,-5.776991844177246,False,allenai/OLMo-7B-0424-hf
11,He cleaned a spill using,inconceivable_syntactic,without.,5,Ġwithout,-10.268951416015625,True,allenai/OLMo-7B-0424-hf
11,He cleaned a spill using,inconceivable_syntactic,without.,6,.,-6.451913833618164,True,allenai/OLMo-7B-0424-hf
12,He cleaned a carpet using,probable,a vacuum.,0,He,0.0,False,allenai/OLMo-7B-0424-hf
12,He cleaned a carpet using,probable,a vacuum.,1,Ġcleaned,-9.787803649902344,False,allenai/OLMo-7B-0424-hf
12,He cleaned a carpet using,probable,a vacuum.,2,Ġa,-4.519765853881836,False,allenai/OLMo-7B-0424-hf
12,He cleaned a carpet using,probable,a vacuum.,3,Ġcarpet,-7.981753349304199,False,allenai/OLMo-7B-0424-hf
12,He cleaned a carpet using,probable,a vacuum.,4,Ġusing,-5.190935134887695,False,allenai/OLMo-7B-0424-hf
12,He cleaned a carpet using,probable,a vacuum.,5,Ġa,-1.32220458984375,True,allenai/OLMo-7B-0424-hf
12,He cleaned a carpet using,probable,a vacuum.,6,Ġvacuum,-3.702897071838379,True,allenai/OLMo-7B-0424-hf
12,He cleaned a carpet using,probable,a vacuum.,7,.,-2.861469268798828,True,allenai/OLMo-7B-0424-hf
12,He cleaned a carpet using,improbable,a hat.,0,He,0.0,False,allenai/OLMo-7B-0424-hf
12,He cleaned a carpet using,improbable,a hat.,1,Ġcleaned,-9.787803649902344,False,allenai/OLMo-7B-0424-hf
12,He cleaned a carpet using,improbable,a hat.,2,Ġa,-4.519765853881836,False,allenai/OLMo-7B-0424-hf
12,He cleaned a carpet using,improbable,a hat.,3,Ġcarpet,-7.981753349304199,False,allenai/OLMo-7B-0424-hf
12,He cleaned a carpet using,improbable,a hat.,4,Ġusing,-5.190935134887695,False,allenai/OLMo-7B-0424-hf
12,He cleaned a carpet using,improbable,a hat.,5,Ġa,-1.32220458984375,True,allenai/OLMo-7B-0424-hf
12,He cleaned a carpet using,improbable,a hat.,6,Ġhat,-11.414642333984375,True,allenai/OLMo-7B-0424-hf
12,He cleaned a carpet using,improbable,a hat.,7,.,-2.4843578338623047,True,allenai/OLMo-7B-0424-hf
12,He cleaned a carpet using,impossible,a crayon.,0,He,0.0,False,allenai/OLMo-7B-0424-hf
12,He cleaned a carpet using,impossible,a crayon.,1,Ġcleaned,-9.787806510925293,False,allenai/OLMo-7B-0424-hf
12,He cleaned a carpet using,impossible,a crayon.,2,Ġa,-4.519772529602051,False,allenai/OLMo-7B-0424-hf
12,He cleaned a carpet using,impossible,a crayon.,3,Ġcarpet,-7.981755256652832,False,allenai/OLMo-7B-0424-hf
12,He cleaned a carpet using,impossible,a crayon.,4,Ġusing,-5.190935134887695,False,allenai/OLMo-7B-0424-hf
12,He cleaned a carpet using,impossible,a crayon.,5,Ġa,-1.3222131729125977,True,allenai/OLMo-7B-0424-hf
12,He cleaned a carpet using,impossible,a crayon.,6,Ġc,-9.110820770263672,True,allenai/OLMo-7B-0424-hf
12,He cleaned a carpet using,impossible,a crayon.,7,ray,-4.2454118728637695,True,allenai/OLMo-7B-0424-hf
12,He cleaned a carpet using,impossible,a crayon.,8,on,-0.0897369384765625,True,allenai/OLMo-7B-0424-hf
12,He cleaned a carpet using,impossible,a crayon.,9,.,-1.7495784759521484,True,allenai/OLMo-7B-0424-hf
12,He cleaned a carpet using,inconceivable,a week.,0,He,0.0,False,allenai/OLMo-7B-0424-hf
12,He cleaned a carpet using,inconceivable,a week.,1,Ġcleaned,-9.787803649902344,False,allenai/OLMo-7B-0424-hf
12,He cleaned a carpet using,inconceivable,a week.,2,Ġa,-4.519765853881836,False,allenai/OLMo-7B-0424-hf
12,He cleaned a carpet using,inconceivable,a week.,3,Ġcarpet,-7.981753349304199,False,allenai/OLMo-7B-0424-hf
12,He cleaned a carpet using,inconceivable,a week.,4,Ġusing,-5.190935134887695,False,allenai/OLMo-7B-0424-hf
12,He cleaned a carpet using,inconceivable,a week.,5,Ġa,-1.32220458984375,True,allenai/OLMo-7B-0424-hf
12,He cleaned a carpet using,inconceivable,a week.,6,Ġweek,-11.114407539367676,True,allenai/OLMo-7B-0424-hf
12,He cleaned a carpet using,inconceivable,a week.,7,.,-3.832090377807617,True,allenai/OLMo-7B-0424-hf
12,He cleaned a carpet using,inconceivable_syntactic,into.,0,He,0.0,False,allenai/OLMo-7B-0424-hf
12,He cleaned a carpet using,inconceivable_syntactic,into.,1,Ġcleaned,-9.787801742553711,False,allenai/OLMo-7B-0424-hf
12,He cleaned a carpet using,inconceivable_syntactic,into.,2,Ġa,-4.519771575927734,False,allenai/OLMo-7B-0424-hf
12,He cleaned a carpet using,inconceivable_syntactic,into.,3,Ġcarpet,-7.981753826141357,False,allenai/OLMo-7B-0424-hf
12,He cleaned a carpet using,inconceivable_syntactic,into.,4,Ġusing,-5.190929412841797,False,allenai/OLMo-7B-0424-hf
12,He cleaned a carpet using,inconceivable_syntactic,into.,5,Ġinto,-12.871976852416992,True,allenai/OLMo-7B-0424-hf
12,He cleaned a carpet using,inconceivable_syntactic,into.,6,.,-4.8919219970703125,True,allenai/OLMo-7B-0424-hf
13,He climbed a tree using,probable,a ladder.,0,He,0.0,False,allenai/OLMo-7B-0424-hf
13,He climbed a tree using,probable,a ladder.,1,Ġclimbed,-9.292829513549805,False,allenai/OLMo-7B-0424-hf
13,He climbed a tree using,probable,a ladder.,2,Ġa,-3.8959617614746094,False,allenai/OLMo-7B-0424-hf
13,He climbed a tree using,probable,a ladder.,3,Ġtree,-1.8020029067993164,False,allenai/OLMo-7B-0424-hf
13,He climbed a tree using,probable,a ladder.,4,Ġusing,-6.568023681640625,False,allenai/OLMo-7B-0424-hf
13,He climbed a tree using,probable,a ladder.,5,Ġa,-1.3189210891723633,True,allenai/OLMo-7B-0424-hf
13,He climbed a tree using,probable,a ladder.,6,Ġladder,-2.7621803283691406,True,allenai/OLMo-7B-0424-hf
13,He climbed a tree using,probable,a ladder.,7,.,-1.8066234588623047,True,allenai/OLMo-7B-0424-hf
13,He climbed a tree using,improbable,a rope.,0,He,0.0,False,allenai/OLMo-7B-0424-hf
13,He climbed a tree using,improbable,a rope.,1,Ġclimbed,-9.292829513549805,False,allenai/OLMo-7B-0424-hf
13,He climbed a tree using,improbable,a rope.,2,Ġa,-3.8959617614746094,False,allenai/OLMo-7B-0424-hf
13,He climbed a tree using,improbable,a rope.,3,Ġtree,-1.8020029067993164,False,allenai/OLMo-7B-0424-hf
13,He climbed a tree using,improbable,a rope.,4,Ġusing,-6.568023681640625,False,allenai/OLMo-7B-0424-hf
13,He climbed a tree using,improbable,a rope.,5,Ġa,-1.3189210891723633,True,allenai/OLMo-7B-0424-hf
13,He climbed a tree using,improbable,a rope.,6,Ġrope,-1.5007362365722656,True,allenai/OLMo-7B-0424-hf
13,He climbed a tree using,improbable,a rope.,7,.,-1.8915328979492188,True,allenai/OLMo-7B-0424-hf
13,He climbed a tree using,impossible,oil.,0,He,0.0,False,allenai/OLMo-7B-0424-hf
13,He climbed a tree using,impossible,oil.,1,Ġclimbed,-9.292831420898438,False,allenai/OLMo-7B-0424-hf
13,He climbed a tree using,impossible,oil.,2,Ġa,-3.895960807800293,False,allenai/OLMo-7B-0424-hf
13,He climbed a tree using,impossible,oil.,3,Ġtree,-1.8020086288452148,False,allenai/OLMo-7B-0424-hf
13,He climbed a tree using,impossible,oil.,4,Ġusing,-6.568032264709473,False,allenai/OLMo-7B-0424-hf
13,He climbed a tree using,impossible,oil.,5,Ġoil,-11.368871688842773,True,allenai/OLMo-7B-0424-hf
13,He climbed a tree using,impossible,oil.,6,.,-3.1894140243530273,True,allenai/OLMo-7B-0424-hf
13,He climbed a tree using,inconceivable,a poem.,0,He,0.0,False,allenai/OLMo-7B-0424-hf
13,He climbed a tree using,inconceivable,a poem.,1,Ġclimbed,-9.292829513549805,False,allenai/OLMo-7B-0424-hf
13,He climbed a tree using,inconceivable,a poem.,2,Ġa,-3.8959617614746094,False,allenai/OLMo-7B-0424-hf
13,He climbed a tree using,inconceivable,a poem.,3,Ġtree,-1.8020029067993164,False,allenai/OLMo-7B-0424-hf
13,He climbed a tree using,inconceivable,a poem.,4,Ġusing,-6.568023681640625,False,allenai/OLMo-7B-0424-hf
13,He climbed a tree using,inconceivable,a poem.,5,Ġa,-1.3189210891723633,True,allenai/OLMo-7B-0424-hf
13,He climbed a tree using,inconceivable,a poem.,6,Ġpoem,-11.244014739990234,True,allenai/OLMo-7B-0424-hf
13,He climbed a tree using,inconceivable,a poem.,7,.,-1.6506099700927734,True,allenai/OLMo-7B-0424-hf
13,He climbed a tree using,inconceivable_syntactic,before.,0,He,0.0,False,allenai/OLMo-7B-0424-hf
13,He climbed a tree using,inconceivable_syntactic,before.,1,Ġclimbed,-9.292831420898438,False,allenai/OLMo-7B-0424-hf
13,He climbed a tree using,inconceivable_syntactic,before.,2,Ġa,-3.895960807800293,False,allenai/OLMo-7B-0424-hf
13,He climbed a tree using,inconceivable_syntactic,before.,3,Ġtree,-1.8020086288452148,False,allenai/OLMo-7B-0424-hf
13,He climbed a tree using,inconceivable_syntactic,before.,4,Ġusing,-6.568032264709473,False,allenai/OLMo-7B-0424-hf
13,He climbed a tree using,inconceivable_syntactic,before.,5,Ġbefore,-12.371150970458984,True,allenai/OLMo-7B-0424-hf
13,He climbed a tree using,inconceivable_syntactic,before.,6,.,-4.03807258605957,True,allenai/OLMo-7B-0424-hf
14,He closed a jacket using,probable,a zipper.,0,He,0.0,False,allenai/OLMo-7B-0424-hf
14,He closed a jacket using,probable,a zipper.,1,Ġclosed,-8.770155906677246,False,allenai/OLMo-7B-0424-hf
14,He closed a jacket using,probable,a zipper.,2,Ġa,-5.222354888916016,False,allenai/OLMo-7B-0424-hf
14,He closed a jacket using,probable,a zipper.,3,Ġjacket,-9.744368553161621,False,allenai/OLMo-7B-0424-hf
14,He closed a jacket using,probable,a zipper.,4,Ġusing,-8.685601234436035,False,allenai/OLMo-7B-0424-hf
14,He closed a jacket using,probable,a zipper.,5,Ġa,-1.094717025756836,True,allenai/OLMo-7B-0424-hf
14,He closed a jacket using,probable,a zipper.,6,Ġz,-4.167267799377441,True,allenai/OLMo-7B-0424-hf
14,He closed a jacket using,probable,a zipper.,7,ipper,-0.011892318725585938,True,allenai/OLMo-7B-0424-hf
14,He closed a jacket using,probable,a zipper.,8,.,-1.2625751495361328,True,allenai/OLMo-7B-0424-hf
14,He closed a jacket using,improbable,glue.,0,He,0.0,False,allenai/OLMo-7B-0424-hf
14,He closed a jacket using,improbable,glue.,1,Ġclosed,-8.770149230957031,False,allenai/OLMo-7B-0424-hf
14,He closed a jacket using,improbable,glue.,2,Ġa,-5.222353935241699,False,allenai/OLMo-7B-0424-hf
14,He closed a jacket using,improbable,glue.,3,Ġjacket,-9.744367599487305,False,allenai/OLMo-7B-0424-hf
14,He closed a jacket using,improbable,glue.,4,Ġusing,-8.685599327087402,False,allenai/OLMo-7B-0424-hf
14,He closed a jacket using,improbable,glue.,5,Ġglue,-8.361675262451172,True,allenai/OLMo-7B-0424-hf
14,He closed a jacket using,improbable,glue.,6,.,-1.3773517608642578,True,allenai/OLMo-7B-0424-hf
14,He closed a jacket using,impossible,fog.,0,He,0.0,False,allenai/OLMo-7B-0424-hf
14,He closed a jacket using,impossible,fog.,1,Ġclosed,-8.770149230957031,False,allenai/OLMo-7B-0424-hf
14,He closed a jacket using,impossible,fog.,2,Ġa,-5.222353935241699,False,allenai/OLMo-7B-0424-hf
14,He closed a jacket using,impossible,fog.,3,Ġjacket,-9.744367599487305,False,allenai/OLMo-7B-0424-hf
14,He closed a jacket using,impossible,fog.,4,Ġusing,-8.685599327087402,False,allenai/OLMo-7B-0424-hf
14,He closed a jacket using,impossible,fog.,5,Ġfog,-12.833375930786133,True,allenai/OLMo-7B-0424-hf
14,He closed a jacket using,impossible,fog.,6,.,-2.6630125045776367,True,allenai/OLMo-7B-0424-hf
14,He closed a jacket using,inconceivable,a word.,0,He,0.0,False,allenai/OLMo-7B-0424-hf
14,He closed a jacket using,inconceivable,a word.,1,Ġclosed,-8.770148277282715,False,allenai/OLMo-7B-0424-hf
14,He closed a jacket using,inconceivable,a word.,2,Ġa,-5.222354888916016,False,allenai/OLMo-7B-0424-hf
14,He closed a jacket using,inconceivable,a word.,3,Ġjacket,-9.744372367858887,False,allenai/OLMo-7B-0424-hf
14,He closed a jacket using,inconceivable,a word.,4,Ġusing,-8.685611724853516,False,allenai/OLMo-7B-0424-hf
14,He closed a jacket using,inconceivable,a word.,5,Ġa,-1.0947198867797852,True,allenai/OLMo-7B-0424-hf
14,He closed a jacket using,inconceivable,a word.,6,Ġword,-7.584871292114258,True,allenai/OLMo-7B-0424-hf
14,He closed a jacket using,inconceivable,a word.,7,.,-2.969928741455078,True,allenai/OLMo-7B-0424-hf
14,He closed a jacket using,inconceivable_syntactic,until.,0,He,0.0,False,allenai/OLMo-7B-0424-hf
14,He closed a jacket using,inconceivable_syntactic,until.,1,Ġclosed,-8.770149230957031,False,allenai/OLMo-7B-0424-hf
14,He closed a jacket using,inconceivable_syntactic,until.,2,Ġa,-5.222353935241699,False,allenai/OLMo-7B-0424-hf
14,He closed a jacket using,inconceivable_syntactic,until.,3,Ġjacket,-9.744367599487305,False,allenai/OLMo-7B-0424-hf
14,He closed a jacket using,inconceivable_syntactic,until.,4,Ġusing,-8.685599327087402,False,allenai/OLMo-7B-0424-hf
14,He closed a jacket using,inconceivable_syntactic,until.,5,Ġuntil,-12.207901954650879,True,allenai/OLMo-7B-0424-hf
14,He closed a jacket using,inconceivable_syntactic,until.,6,.,-4.227983474731445,True,allenai/OLMo-7B-0424-hf
15,He constructed a tower out of,probable,blocks.,0,He,0.0,False,allenai/OLMo-7B-0424-hf
15,He constructed a tower out of,probable,blocks.,1,Ġconstructed,-9.867380142211914,False,allenai/OLMo-7B-0424-hf
15,He constructed a tower out of,probable,blocks.,2,Ġa,-1.1496829986572266,False,allenai/OLMo-7B-0424-hf
15,He constructed a tower out of,probable,blocks.,3,Ġtower,-5.400363922119141,False,allenai/OLMo-7B-0424-hf
15,He constructed a tower out of,probable,blocks.,4,Ġout,-4.313764572143555,False,allenai/OLMo-7B-0424-hf
15,He constructed a tower out of,probable,blocks.,5,Ġof,-0.014379501342773438,False,allenai/OLMo-7B-0424-hf
15,He constructed a tower out of,probable,blocks.,6,Ġblocks,-4.684848785400391,True,allenai/OLMo-7B-0424-hf
15,He constructed a tower out of,probable,blocks.,7,.,-2.3497495651245117,True,allenai/OLMo-7B-0424-hf
15,He constructed a tower out of,improbable,bubbles.,0,He,0.0,False,allenai/OLMo-7B-0424-hf
15,He constructed a tower out of,improbable,bubbles.,1,Ġconstructed,-9.867380142211914,False,allenai/OLMo-7B-0424-hf
15,He constructed a tower out of,improbable,bubbles.,2,Ġa,-1.1496829986572266,False,allenai/OLMo-7B-0424-hf
15,He constructed a tower out of,improbable,bubbles.,3,Ġtower,-5.400363922119141,False,allenai/OLMo-7B-0424-hf
15,He constructed a tower out of,improbable,bubbles.,4,Ġout,-4.313764572143555,False,allenai/OLMo-7B-0424-hf
15,He constructed a tower out of,improbable,bubbles.,5,Ġof,-0.014379501342773438,False,allenai/OLMo-7B-0424-hf
15,He constructed a tower out of,improbable,bubbles.,6,Ġbubbles,-11.001845359802246,True,allenai/OLMo-7B-0424-hf
15,He constructed a tower out of,improbable,bubbles.,7,.,-1.7195148468017578,True,allenai/OLMo-7B-0424-hf
15,He constructed a tower out of,impossible,sparks.,0,He,0.0,False,allenai/OLMo-7B-0424-hf
15,He constructed a tower out of,impossible,sparks.,1,Ġconstructed,-9.867384910583496,False,allenai/OLMo-7B-0424-hf
15,He constructed a tower out of,impossible,sparks.,2,Ġa,-1.1496706008911133,False,allenai/OLMo-7B-0424-hf
15,He constructed a tower out of,impossible,sparks.,3,Ġtower,-5.400365829467773,False,allenai/OLMo-7B-0424-hf
15,He constructed a tower out of,impossible,sparks.,4,Ġout,-4.313755035400391,False,allenai/OLMo-7B-0424-hf
15,He constructed a tower out of,impossible,sparks.,5,Ġof,-0.014379501342773438,False,allenai/OLMo-7B-0424-hf
15,He constructed a tower out of,impossible,sparks.,6,Ġsp,-6.730754852294922,True,allenai/OLMo-7B-0424-hf
15,He constructed a tower out of,impossible,sparks.,7,arks,-5.369399070739746,True,allenai/OLMo-7B-0424-hf
15,He constructed a tower out of,impossible,sparks.,8,.,-2.3102188110351562,True,allenai/OLMo-7B-0424-hf
15,He constructed a tower out of,inconceivable,seasons.,0,He,0.0,False,allenai/OLMo-7B-0424-hf
15,He constructed a tower out of,inconceivable,seasons.,1,Ġconstructed,-9.867380142211914,False,allenai/OLMo-7B-0424-hf
15,He constructed a tower out of,inconceivable,seasons.,2,Ġa,-1.1496829986572266,False,allenai/OLMo-7B-0424-hf
15,He constructed a tower out of,inconceivable,seasons.,3,Ġtower,-5.400363922119141,False,allenai/OLMo-7B-0424-hf
15,He constructed a tower out of,inconceivable,seasons.,4,Ġout,-4.313764572143555,False,allenai/OLMo-7B-0424-hf
15,He constructed a tower out of,inconceivable,seasons.,5,Ġof,-0.014379501342773438,False,allenai/OLMo-7B-0424-hf
15,He constructed a tower out of,inconceivable,seasons.,6,Ġseasons,-13.407930374145508,True,allenai/OLMo-7B-0424-hf
15,He constructed a tower out of,inconceivable,seasons.,7,.,-1.9818143844604492,True,allenai/OLMo-7B-0424-hf
15,He constructed a tower out of,inconceivable_syntactic,forgive.,0,He,0.0,False,allenai/OLMo-7B-0424-hf
15,He constructed a tower out of,inconceivable_syntactic,forgive.,1,Ġconstructed,-9.867380142211914,False,allenai/OLMo-7B-0424-hf
15,He constructed a tower out of,inconceivable_syntactic,forgive.,2,Ġa,-1.1496829986572266,False,allenai/OLMo-7B-0424-hf
15,He constructed a tower out of,inconceivable_syntactic,forgive.,3,Ġtower,-5.400363922119141,False,allenai/OLMo-7B-0424-hf
15,He constructed a tower out of,inconceivable_syntactic,forgive.,4,Ġout,-4.313764572143555,False,allenai/OLMo-7B-0424-hf
15,He constructed a tower out of,inconceivable_syntactic,forgive.,5,Ġof,-0.014379501342773438,False,allenai/OLMo-7B-0424-hf
15,He constructed a tower out of,inconceivable_syntactic,forgive.,6,Ġforgive,-16.13614845275879,True,allenai/OLMo-7B-0424-hf
15,He constructed a tower out of,inconceivable_syntactic,forgive.,7,.,-3.9721317291259766,True,allenai/OLMo-7B-0424-hf
16,He cooked dinner out of,probable,pasta.,0,He,0.0,False,allenai/OLMo-7B-0424-hf
16,He cooked dinner out of,probable,pasta.,1,Ġcooked,-10.181955337524414,False,allenai/OLMo-7B-0424-hf
16,He cooked dinner out of,probable,pasta.,2,Ġdinner,-3.540520668029785,False,allenai/OLMo-7B-0424-hf
16,He cooked dinner out of,probable,pasta.,3,Ġout,-6.709833145141602,False,allenai/OLMo-7B-0424-hf
16,He cooked dinner out of,probable,pasta.,4,Ġof,-0.5420570373535156,False,allenai/OLMo-7B-0424-hf
16,He cooked dinner out of,probable,pasta.,5,Ġpasta,-8.82048225402832,True,allenai/OLMo-7B-0424-hf
16,He cooked dinner out of,probable,pasta.,6,.,-3.216620445251465,True,allenai/OLMo-7B-0424-hf
16,He cooked dinner out of,improbable,insects.,0,He,0.0,False,allenai/OLMo-7B-0424-hf
16,He cooked dinner out of,improbable,insects.,1,Ġcooked,-10.181955337524414,False,allenai/OLMo-7B-0424-hf
16,He cooked dinner out of,improbable,insects.,2,Ġdinner,-3.540520668029785,False,allenai/OLMo-7B-0424-hf
16,He cooked dinner out of,improbable,insects.,3,Ġout,-6.709833145141602,False,allenai/OLMo-7B-0424-hf
16,He cooked dinner out of,improbable,insects.,4,Ġof,-0.5420570373535156,False,allenai/OLMo-7B-0424-hf
16,He cooked dinner out of,improbable,insects.,5,Ġinsects,-10.76594066619873,True,allenai/OLMo-7B-0424-hf
16,He cooked dinner out of,improbable,insects.,6,.,-1.8746719360351562,True,allenai/OLMo-7B-0424-hf
16,He cooked dinner out of,impossible,the moon.,0,He,0.0,False,allenai/OLMo-7B-0424-hf
16,He cooked dinner out of,impossible,the moon.,1,Ġcooked,-10.181953430175781,False,allenai/OLMo-7B-0424-hf
16,He cooked dinner out of,impossible,the moon.,2,Ġdinner,-3.540515899658203,False,allenai/OLMo-7B-0424-hf
16,He cooked dinner out of,impossible,the moon.,3,Ġout,-6.709832191467285,False,allenai/OLMo-7B-0424-hf
16,He cooked dinner out of,impossible,the moon.,4,Ġof,-0.54205322265625,False,allenai/OLMo-7B-0424-hf
16,He cooked dinner out of,impossible,the moon.,5,Ġthe,-1.7376585006713867,True,allenai/OLMo-7B-0424-hf
16,He cooked dinner out of,impossible,the moon.,6,Ġmoon,-9.51465129852295,True,allenai/OLMo-7B-0424-hf
16,He cooked dinner out of,impossible,the moon.,7,.,-1.6509284973144531,True,allenai/OLMo-7B-0424-hf
16,He cooked dinner out of,inconceivable,thoughts.,0,He,0.0,False,allenai/OLMo-7B-0424-hf
16,He cooked dinner out of,inconceivable,thoughts.,1,Ġcooked,-10.181955337524414,False,allenai/OLMo-7B-0424-hf
16,He cooked dinner out of,inconceivable,thoughts.,2,Ġdinner,-3.540520668029785,False,allenai/OLMo-7B-0424-hf
16,He cooked dinner out of,inconceivable,thoughts.,3,Ġout,-6.709833145141602,False,allenai/OLMo-7B-0424-hf
16,He cooked dinner out of,inconceivable,thoughts.,4,Ġof,-0.5420570373535156,False,allenai/OLMo-7B-0424-hf
16,He cooked dinner out of,inconceivable,thoughts.,5,Ġthoughts,-11.807882308959961,True,allenai/OLMo-7B-0424-hf
16,He cooked dinner out of,inconceivable,thoughts.,6,.,-2.2669143676757812,True,allenai/OLMo-7B-0424-hf
16,He cooked dinner out of,inconceivable_syntactic,do.,0,He,0.0,False,allenai/OLMo-7B-0424-hf
16,He cooked dinner out of,inconceivable_syntactic,do.,1,Ġcooked,-10.181955337524414,False,allenai/OLMo-7B-0424-hf
16,He cooked dinner out of,inconceivable_syntactic,do.,2,Ġdinner,-3.540520668029785,False,allenai/OLMo-7B-0424-hf
16,He cooked dinner out of,inconceivable_syntactic,do.,3,Ġout,-6.709833145141602,False,allenai/OLMo-7B-0424-hf
16,He cooked dinner out of,inconceivable_syntactic,do.,4,Ġof,-0.5420570373535156,False,allenai/OLMo-7B-0424-hf
16,He cooked dinner out of,inconceivable_syntactic,do.,5,Ġdo,-10.039316177368164,True,allenai/OLMo-7B-0424-hf
16,He cooked dinner out of,inconceivable_syntactic,do.,6,.,-6.193429946899414,True,allenai/OLMo-7B-0424-hf
17,He cooled a room using,probable,a fan.,0,He,0.0,False,allenai/OLMo-7B-0424-hf
17,He cooled a room using,probable,a fan.,1,Ġcooled,-10.678836822509766,False,allenai/OLMo-7B-0424-hf
17,He cooled a room using,probable,a fan.,2,Ġa,-4.421079635620117,False,allenai/OLMo-7B-0424-hf
17,He cooled a room using,probable,a fan.,3,Ġroom,-6.477475166320801,False,allenai/OLMo-7B-0424-hf
17,He cooled a room using,probable,a fan.,4,Ġusing,-6.672972679138184,False,allenai/OLMo-7B-0424-hf
17,He cooled a room using,probable,a fan.,5,Ġa,-1.7133684158325195,True,allenai/OLMo-7B-0424-hf
17,He cooled a room using,probable,a fan.,6,Ġfan,-2.1638412475585938,True,allenai/OLMo-7B-0424-hf
17,He cooled a room using,probable,a fan.,7,.,-1.3139543533325195,True,allenai/OLMo-7B-0424-hf
17,He cooled a room using,improbable,shades.,0,He,0.0,False,allenai/OLMo-7B-0424-hf
17,He cooled a room using,improbable,shades.,1,Ġcooled,-10.678836822509766,False,allenai/OLMo-7B-0424-hf
17,He cooled a room using,improbable,shades.,2,Ġa,-4.421078681945801,False,allenai/OLMo-7B-0424-hf
17,He cooled a room using,improbable,shades.,3,Ġroom,-6.477473258972168,False,allenai/OLMo-7B-0424-hf
17,He cooled a room using,improbable,shades.,4,Ġusing,-6.672972679138184,False,allenai/OLMo-7B-0424-hf
17,He cooled a room using,improbable,shades.,5,Ġshades,-8.808582305908203,True,allenai/OLMo-7B-0424-hf
17,He cooled a room using,improbable,shades.,6,.,-2.0545177459716797,True,allenai/OLMo-7B-0424-hf
17,He cooled a room using,impossible,a heater.,0,He,0.0,False,allenai/OLMo-7B-0424-hf
17,He cooled a room using,impossible,a heater.,1,Ġcooled,-10.678836822509766,False,allenai/OLMo-7B-0424-hf
17,He cooled a room using,impossible,a heater.,2,Ġa,-4.421079635620117,False,allenai/OLMo-7B-0424-hf
17,He cooled a room using,impossible,a heater.,3,Ġroom,-6.477475166320801,False,allenai/OLMo-7B-0424-hf
17,He cooled a room using,impossible,a heater.,4,Ġusing,-6.672972679138184,False,allenai/OLMo-7B-0424-hf
17,He cooled a room using,impossible,a heater.,5,Ġa,-1.7133684158325195,True,allenai/OLMo-7B-0424-hf
17,He cooled a room using,impossible,a heater.,6,Ġheater,-5.321999549865723,True,allenai/OLMo-7B-0424-hf
17,He cooled a room using,impossible,a heater.,7,.,-1.5244684219360352,True,allenai/OLMo-7B-0424-hf
17,He cooled a room using,inconceivable,a taste.,0,He,0.0,False,allenai/OLMo-7B-0424-hf
17,He cooled a room using,inconceivable,a taste.,1,Ġcooled,-10.678836822509766,False,allenai/OLMo-7B-0424-hf
17,He cooled a room using,inconceivable,a taste.,2,Ġa,-4.421079635620117,False,allenai/OLMo-7B-0424-hf
17,He cooled a room using,inconceivable,a taste.,3,Ġroom,-6.477475166320801,False,allenai/OLMo-7B-0424-hf
17,He cooled a room using,inconceivable,a taste.,4,Ġusing,-6.672972679138184,False,allenai/OLMo-7B-0424-hf
17,He cooled a room using,inconceivable,a taste.,5,Ġa,-1.7133684158325195,True,allenai/OLMo-7B-0424-hf
17,He cooled a room using,inconceivable,a taste.,6,Ġtaste,-11.086268424987793,True,allenai/OLMo-7B-0424-hf
17,He cooled a room using,inconceivable,a taste.,7,.,-4.8821868896484375,True,allenai/OLMo-7B-0424-hf
17,He cooled a room using,inconceivable_syntactic,have.,0,He,0.0,False,allenai/OLMo-7B-0424-hf
17,He cooled a room using,inconceivable_syntactic,have.,1,Ġcooled,-10.678836822509766,False,allenai/OLMo-7B-0424-hf
17,He cooled a room using,inconceivable_syntactic,have.,2,Ġa,-4.421078681945801,False,allenai/OLMo-7B-0424-hf
17,He cooled a room using,inconceivable_syntactic,have.,3,Ġroom,-6.477473258972168,False,allenai/OLMo-7B-0424-hf
17,He cooled a room using,inconceivable_syntactic,have.,4,Ġusing,-6.672972679138184,False,allenai/OLMo-7B-0424-hf
17,He cooled a room using,inconceivable_syntactic,have.,5,Ġhave,-11.486274719238281,True,allenai/OLMo-7B-0424-hf
17,He cooled a room using,inconceivable_syntactic,have.,6,.,-4.461615562438965,True,allenai/OLMo-7B-0424-hf
18,He covered a window using,probable,curtains.,0,He,0.0,False,allenai/OLMo-7B-0424-hf
18,He covered a window using,probable,curtains.,1,Ġcovered,-10.118632316589355,False,allenai/OLMo-7B-0424-hf
18,He covered a window using,probable,curtains.,2,Ġa,-2.822843551635742,False,allenai/OLMo-7B-0424-hf
18,He covered a window using,probable,curtains.,3,Ġwindow,-8.797313690185547,False,allenai/OLMo-7B-0424-hf
18,He covered a window using,probable,curtains.,4,Ġusing,-5.594638824462891,False,allenai/OLMo-7B-0424-hf
18,He covered a window using,probable,curtains.,5,Ġcurtains,-7.312473297119141,True,allenai/OLMo-7B-0424-hf
18,He covered a window using,probable,curtains.,6,.,-1.7944936752319336,True,allenai/OLMo-7B-0424-hf
18,He covered a window using,improbable,sheets.,0,He,0.0,False,allenai/OLMo-7B-0424-hf
18,He covered a window using,improbable,sheets.,1,Ġcovered,-10.118632316589355,False,allenai/OLMo-7B-0424-hf
18,He covered a window using,improbable,sheets.,2,Ġa,-2.822843551635742,False,allenai/OLMo-7B-0424-hf
18,He covered a window using,improbable,sheets.,3,Ġwindow,-8.797313690185547,False,allenai/OLMo-7B-0424-hf
18,He covered a window using,improbable,sheets.,4,Ġusing,-5.594638824462891,False,allenai/OLMo-7B-0424-hf
18,He covered a window using,improbable,sheets.,5,Ġsheets,-6.337512016296387,True,allenai/OLMo-7B-0424-hf
18,He covered a window using,improbable,sheets.,6,.,-2.579716682434082,True,allenai/OLMo-7B-0424-hf
18,He covered a window using,impossible,a hair.,0,He,0.0,False,allenai/OLMo-7B-0424-hf
18,He covered a window using,impossible,a hair.,1,Ġcovered,-10.118637084960938,False,allenai/OLMo-7B-0424-hf
18,He covered a window using,impossible,a hair.,2,Ġa,-2.8228397369384766,False,allenai/OLMo-7B-0424-hf
18,He covered a window using,impossible,a hair.,3,Ġwindow,-8.797314643859863,False,allenai/OLMo-7B-0424-hf
18,He covered a window using,impossible,a hair.,4,Ġusing,-5.594636917114258,False,allenai/OLMo-7B-0424-hf
18,He covered a window using,impossible,a hair.,5,Ġa,-1.2312183380126953,True,allenai/OLMo-7B-0424-hf
18,He covered a window using,impossible,a hair.,6,Ġhair,-9.180696487426758,True,allenai/OLMo-7B-0424-hf
18,He covered a window using,impossible,a hair.,7,.,-7.686330795288086,True,allenai/OLMo-7B-0424-hf
18,He covered a window using,inconceivable,a chant.,0,He,0.0,False,allenai/OLMo-7B-0424-hf
18,He covered a window using,inconceivable,a chant.,1,Ġcovered,-10.118637084960938,False,allenai/OLMo-7B-0424-hf
18,He covered a window using,inconceivable,a chant.,2,Ġa,-2.8228397369384766,False,allenai/OLMo-7B-0424-hf
18,He covered a window using,inconceivable,a chant.,3,Ġwindow,-8.797314643859863,False,allenai/OLMo-7B-0424-hf
18,He covered a window using,inconceivable,a chant.,4,Ġusing,-5.594636917114258,False,allenai/OLMo-7B-0424-hf
18,He covered a window using,inconceivable,a chant.,5,Ġa,-1.2312183380126953,True,allenai/OLMo-7B-0424-hf
18,He covered a window using,inconceivable,a chant.,6,Ġchant,-14.094782829284668,True,allenai/OLMo-7B-0424-hf
18,He covered a window using,inconceivable,a chant.,7,.,-2.248716354370117,True,allenai/OLMo-7B-0424-hf
18,He covered a window using,inconceivable_syntactic,make.,0,He,0.0,False,allenai/OLMo-7B-0424-hf
18,He covered a window using,inconceivable_syntactic,make.,1,Ġcovered,-10.118632316589355,False,allenai/OLMo-7B-0424-hf
18,He covered a window using,inconceivable_syntactic,make.,2,Ġa,-2.822843551635742,False,allenai/OLMo-7B-0424-hf
18,He covered a window using,inconceivable_syntactic,make.,3,Ġwindow,-8.797313690185547,False,allenai/OLMo-7B-0424-hf
18,He covered a window using,inconceivable_syntactic,make.,4,Ġusing,-5.594638824462891,False,allenai/OLMo-7B-0424-hf
18,He covered a window using,inconceivable_syntactic,make.,5,Ġmake,-9.33717155456543,True,allenai/OLMo-7B-0424-hf
18,He covered a window using,inconceivable_syntactic,make.,6,.,-6.218347549438477,True,allenai/OLMo-7B-0424-hf
19,He crafted a bowl out of,probable,clay.,0,He,0.0,False,allenai/OLMo-7B-0424-hf
19,He crafted a bowl out of,probable,clay.,1,Ġcrafted,-10.580812454223633,False,allenai/OLMo-7B-0424-hf
19,He crafted a bowl out of,probable,clay.,2,Ġa,-1.2572908401489258,False,allenai/OLMo-7B-0424-hf
19,He crafted a bowl out of,probable,clay.,3,Ġbowl,-7.504601955413818,False,allenai/OLMo-7B-0424-hf
19,He crafted a bowl out of,probable,clay.,4,Ġout,-2.8934803009033203,False,allenai/OLMo-7B-0424-hf
19,He crafted a bowl out of,probable,clay.,5,Ġof,-0.01003265380859375,False,allenai/OLMo-7B-0424-hf
19,He crafted a bowl out of,probable,clay.,6,Ġclay,-3.008114814758301,True,allenai/OLMo-7B-0424-hf
19,He crafted a bowl out of,probable,clay.,7,.,-1.9920644760131836,True,allenai/OLMo-7B-0424-hf
19,He crafted a bowl out of,improbable,mud.,0,He,0.0,False,allenai/OLMo-7B-0424-hf
19,He crafted a bowl out of,improbable,mud.,1,Ġcrafted,-10.580812454223633,False,allenai/OLMo-7B-0424-hf
19,He crafted a bowl out of,improbable,mud.,2,Ġa,-1.2572908401489258,False,allenai/OLMo-7B-0424-hf
19,He crafted a bowl out of,improbable,mud.,3,Ġbowl,-7.504601955413818,False,allenai/OLMo-7B-0424-hf
19,He crafted a bowl out of,improbable,mud.,4,Ġout,-2.8934803009033203,False,allenai/OLMo-7B-0424-hf
19,He crafted a bowl out of,improbable,mud.,5,Ġof,-0.01003265380859375,False,allenai/OLMo-7B-0424-hf
19,He crafted a bowl out of,improbable,mud.,6,Ġmud,-6.288046836853027,True,allenai/OLMo-7B-0424-hf
19,He crafted a bowl out of,improbable,mud.,7,.,-2.183903694152832,True,allenai/OLMo-7B-0424-hf
19,He crafted a bowl out of,impossible,smoke.,0,He,0.0,False,allenai/OLMo-7B-0424-hf
19,He crafted a bowl out of,impossible,smoke.,1,Ġcrafted,-10.580812454223633,False,allenai/OLMo-7B-0424-hf
19,He crafted a bowl out of,impossible,smoke.,2,Ġa,-1.2572908401489258,False,allenai/OLMo-7B-0424-hf
19,He crafted a bowl out of,impossible,smoke.,3,Ġbowl,-7.504601955413818,False,allenai/OLMo-7B-0424-hf
19,He crafted a bowl out of,impossible,smoke.,4,Ġout,-2.8934803009033203,False,allenai/OLMo-7B-0424-hf
19,He crafted a bowl out of,impossible,smoke.,5,Ġof,-0.01003265380859375,False,allenai/OLMo-7B-0424-hf
19,He crafted a bowl out of,impossible,smoke.,6,Ġsmoke,-9.21390151977539,True,allenai/OLMo-7B-0424-hf
19,He crafted a bowl out of,impossible,smoke.,7,.,-2.184645652770996,True,allenai/OLMo-7B-0424-hf
19,He crafted a bowl out of,inconceivable,math.,0,He,0.0,False,allenai/OLMo-7B-0424-hf
19,He crafted a bowl out of,inconceivable,math.,1,Ġcrafted,-10.580812454223633,False,allenai/OLMo-7B-0424-hf
19,He crafted a bowl out of,inconceivable,math.,2,Ġa,-1.2572908401489258,False,allenai/OLMo-7B-0424-hf
19,He crafted a bowl out of,inconceivable,math.,3,Ġbowl,-7.504601955413818,False,allenai/OLMo-7B-0424-hf
19,He crafted a bowl out of,inconceivable,math.,4,Ġout,-2.8934803009033203,False,allenai/OLMo-7B-0424-hf
19,He crafted a bowl out of,inconceivable,math.,5,Ġof,-0.01003265380859375,False,allenai/OLMo-7B-0424-hf
19,He crafted a bowl out of,inconceivable,math.,6,Ġmath,-12.868635177612305,True,allenai/OLMo-7B-0424-hf
19,He crafted a bowl out of,inconceivable,math.,7,.,-1.776834487915039,True,allenai/OLMo-7B-0424-hf
19,He crafted a bowl out of,inconceivable_syntactic,follow.,0,He,0.0,False,allenai/OLMo-7B-0424-hf
19,He crafted a bowl out of,inconceivable_syntactic,follow.,1,Ġcrafted,-10.580812454223633,False,allenai/OLMo-7B-0424-hf
19,He crafted a bowl out of,inconceivable_syntactic,follow.,2,Ġa,-1.2572908401489258,False,allenai/OLMo-7B-0424-hf
19,He crafted a bowl out of,inconceivable_syntactic,follow.,3,Ġbowl,-7.504601955413818,False,allenai/OLMo-7B-0424-hf
19,He crafted a bowl out of,inconceivable_syntactic,follow.,4,Ġout,-2.8934803009033203,False,allenai/OLMo-7B-0424-hf
19,He crafted a bowl out of,inconceivable_syntactic,follow.,5,Ġof,-0.01003265380859375,False,allenai/OLMo-7B-0424-hf
19,He crafted a bowl out of,inconceivable_syntactic,follow.,6,Ġfollow,-14.470354080200195,True,allenai/OLMo-7B-0424-hf
19,He crafted a bowl out of,inconceivable_syntactic,follow.,7,.,-2.3659849166870117,True,allenai/OLMo-7B-0424-hf
20,He crushed a soda can using,probable,a shoe.,0,He,0.0,False,allenai/OLMo-7B-0424-hf
20,He crushed a soda can using,probable,a shoe.,1,Ġcrushed,-10.999144554138184,False,allenai/OLMo-7B-0424-hf
20,He crushed a soda can using,probable,a shoe.,2,Ġa,-3.0211877822875977,False,allenai/OLMo-7B-0424-hf
20,He crushed a soda can using,probable,a shoe.,3,Ġsoda,-6.777756690979004,False,allenai/OLMo-7B-0424-hf
20,He crushed a soda can using,probable,a shoe.,4,Ġcan,-0.4889812469482422,False,allenai/OLMo-7B-0424-hf
20,He crushed a soda can using,probable,a shoe.,5,Ġusing,-5.814970970153809,False,allenai/OLMo-7B-0424-hf
20,He crushed a soda can using,probable,a shoe.,6,Ġa,-1.5091543197631836,True,allenai/OLMo-7B-0424-hf
20,He crushed a soda can using,probable,a shoe.,7,Ġshoe,-6.970958709716797,True,allenai/OLMo-7B-0424-hf
20,He crushed a soda can using,probable,a shoe.,8,.,-1.0133800506591797,True,allenai/OLMo-7B-0424-hf
20,He crushed a soda can using,improbable,a chair.,0,He,0.0,False,allenai/OLMo-7B-0424-hf
20,He crushed a soda can using,improbable,a chair.,1,Ġcrushed,-10.999144554138184,False,allenai/OLMo-7B-0424-hf
20,He crushed a soda can using,improbable,a chair.,2,Ġa,-3.0211877822875977,False,allenai/OLMo-7B-0424-hf
20,He crushed a soda can using,improbable,a chair.,3,Ġsoda,-6.777756690979004,False,allenai/OLMo-7B-0424-hf
20,He crushed a soda can using,improbable,a chair.,4,Ġcan,-0.4889812469482422,False,allenai/OLMo-7B-0424-hf
20,He crushed a soda can using,improbable,a chair.,5,Ġusing,-5.814970970153809,False,allenai/OLMo-7B-0424-hf
20,He crushed a soda can using,improbable,a chair.,6,Ġa,-1.5091543197631836,True,allenai/OLMo-7B-0424-hf
20,He crushed a soda can using,improbable,a chair.,7,Ġchair,-6.980233192443848,True,allenai/OLMo-7B-0424-hf
20,He crushed a soda can using,improbable,a chair.,8,.,-1.1375932693481445,True,allenai/OLMo-7B-0424-hf
20,He crushed a soda can using,impossible,a tissue.,0,He,0.0,False,allenai/OLMo-7B-0424-hf
20,He crushed a soda can using,impossible,a tissue.,1,Ġcrushed,-10.999144554138184,False,allenai/OLMo-7B-0424-hf
20,He crushed a soda can using,impossible,a tissue.,2,Ġa,-3.0211877822875977,False,allenai/OLMo-7B-0424-hf
20,He crushed a soda can using,impossible,a tissue.,3,Ġsoda,-6.777756690979004,False,allenai/OLMo-7B-0424-hf
20,He crushed a soda can using,impossible,a tissue.,4,Ġcan,-0.4889812469482422,False,allenai/OLMo-7B-0424-hf
20,He crushed a soda can using,impossible,a tissue.,5,Ġusing,-5.814970970153809,False,allenai/OLMo-7B-0424-hf
20,He crushed a soda can using,impossible,a tissue.,6,Ġa,-1.5091543197631836,True,allenai/OLMo-7B-0424-hf
20,He crushed a soda can using,impossible,a tissue.,7,Ġtissue,-8.684480667114258,True,allenai/OLMo-7B-0424-hf
20,He crushed a soda can using,impossible,a tissue.,8,.,-2.0280399322509766,True,allenai/OLMo-7B-0424-hf
20,He crushed a soda can using,inconceivable,a day.,0,He,0.0,False,allenai/OLMo-7B-0424-hf
20,He crushed a soda can using,inconceivable,a day.,1,Ġcrushed,-10.999144554138184,False,allenai/OLMo-7B-0424-hf
20,He crushed a soda can using,inconceivable,a day.,2,Ġa,-3.0211877822875977,False,allenai/OLMo-7B-0424-hf
20,He crushed a soda can using,inconceivable,a day.,3,Ġsoda,-6.777756690979004,False,allenai/OLMo-7B-0424-hf
20,He crushed a soda can using,inconceivable,a day.,4,Ġcan,-0.4889812469482422,False,allenai/OLMo-7B-0424-hf
20,He crushed a soda can using,inconceivable,a day.,5,Ġusing,-5.814970970153809,False,allenai/OLMo-7B-0424-hf
20,He crushed a soda can using,inconceivable,a day.,6,Ġa,-1.5091543197631836,True,allenai/OLMo-7B-0424-hf
20,He crushed a soda can using,inconceivable,a day.,7,Ġday,-10.056289672851562,True,allenai/OLMo-7B-0424-hf
20,He crushed a soda can using,inconceivable,a day.,8,.,-3.829068183898926,True,allenai/OLMo-7B-0424-hf
20,He crushed a soda can using,inconceivable_syntactic,choose.,0,He,0.0,False,allenai/OLMo-7B-0424-hf
20,He crushed a soda can using,inconceivable_syntactic,choose.,1,Ġcrushed,-10.999135971069336,False,allenai/OLMo-7B-0424-hf
20,He crushed a soda can using,inconceivable_syntactic,choose.,2,Ġa,-3.021188735961914,False,allenai/OLMo-7B-0424-hf
20,He crushed a soda can using,inconceivable_syntactic,choose.,3,Ġsoda,-6.7777533531188965,False,allenai/OLMo-7B-0424-hf
20,He crushed a soda can using,inconceivable_syntactic,choose.,4,Ġcan,-0.488983154296875,False,allenai/OLMo-7B-0424-hf
20,He crushed a soda can using,inconceivable_syntactic,choose.,5,Ġusing,-5.814960479736328,False,allenai/OLMo-7B-0424-hf
20,He crushed a soda can using,inconceivable_syntactic,choose.,6,Ġchoose,-15.360380172729492,True,allenai/OLMo-7B-0424-hf
20,He crushed a soda can using,inconceivable_syntactic,choose.,7,.,-4.209506988525391,True,allenai/OLMo-7B-0424-hf
21,He cut grass using,probable,a lawnmower.,0,He,0.0,False,allenai/OLMo-7B-0424-hf
21,He cut grass using,probable,a lawnmower.,1,Ġcut,-9.661487579345703,False,allenai/OLMo-7B-0424-hf
21,He cut grass using,probable,a lawnmower.,2,Ġgrass,-8.85375690460205,False,allenai/OLMo-7B-0424-hf
21,He cut grass using,probable,a lawnmower.,3,Ġusing,-6.851632118225098,False,allenai/OLMo-7B-0424-hf
21,He cut grass using,probable,a lawnmower.,4,Ġa,-0.8025064468383789,True,allenai/OLMo-7B-0424-hf
21,He cut grass using,probable,a lawnmower.,5,Ġlawn,-3.024290084838867,True,allenai/OLMo-7B-0424-hf
21,He cut grass using,probable,a lawnmower.,6,m,-0.8096828460693359,True,allenai/OLMo-7B-0424-hf
21,He cut grass using,probable,a lawnmower.,7,ower,-0.0072498321533203125,True,allenai/OLMo-7B-0424-hf
21,He cut grass using,probable,a lawnmower.,8,.,-1.4976787567138672,True,allenai/OLMo-7B-0424-hf
21,He cut grass using,improbable,a scythe.,0,He,0.0,False,allenai/OLMo-7B-0424-hf
21,He cut grass using,improbable,a scythe.,1,Ġcut,-9.661487579345703,False,allenai/OLMo-7B-0424-hf
21,He cut grass using,improbable,a scythe.,2,Ġgrass,-8.85375690460205,False,allenai/OLMo-7B-0424-hf
21,He cut grass using,improbable,a scythe.,3,Ġusing,-6.851632118225098,False,allenai/OLMo-7B-0424-hf
21,He cut grass using,improbable,a scythe.,4,Ġa,-0.8025064468383789,True,allenai/OLMo-7B-0424-hf
21,He cut grass using,improbable,a scythe.,5,Ġsc,-3.789735794067383,True,allenai/OLMo-7B-0424-hf
21,He cut grass using,improbable,a scythe.,6,y,-0.1951923370361328,True,allenai/OLMo-7B-0424-hf
21,He cut grass using,improbable,a scythe.,7,the,-0.057697296142578125,True,allenai/OLMo-7B-0424-hf
21,He cut grass using,improbable,a scythe.,8,.,-1.529322624206543,True,allenai/OLMo-7B-0424-hf
21,He cut grass using,impossible,a popsicle.,0,He,0.0,False,allenai/OLMo-7B-0424-hf
21,He cut grass using,impossible,a popsicle.,1,Ġcut,-9.661481857299805,False,allenai/OLMo-7B-0424-hf
21,He cut grass using,impossible,a popsicle.,2,Ġgrass,-8.853751182556152,False,allenai/OLMo-7B-0424-hf
21,He cut grass using,impossible,a popsicle.,3,Ġusing,-6.85163688659668,False,allenai/OLMo-7B-0424-hf
21,He cut grass using,impossible,a popsicle.,4,Ġa,-0.8025074005126953,True,allenai/OLMo-7B-0424-hf
21,He cut grass using,impossible,a popsicle.,5,Ġpops,-12.485608100891113,True,allenai/OLMo-7B-0424-hf
21,He cut grass using,impossible,a popsicle.,6,icle,-0.019758224487304688,True,allenai/OLMo-7B-0424-hf
21,He cut grass using,impossible,a popsicle.,7,.,-3.4679946899414062,True,allenai/OLMo-7B-0424-hf
21,He cut grass using,inconceivable,an essay.,0,He,0.0,False,allenai/OLMo-7B-0424-hf
21,He cut grass using,inconceivable,an essay.,1,Ġcut,-9.661483764648438,False,allenai/OLMo-7B-0424-hf
21,He cut grass using,inconceivable,an essay.,2,Ġgrass,-8.85375690460205,False,allenai/OLMo-7B-0424-hf
21,He cut grass using,inconceivable,an essay.,3,Ġusing,-6.851629257202148,False,allenai/OLMo-7B-0424-hf
21,He cut grass using,inconceivable,an essay.,4,Ġan,-2.925313949584961,True,allenai/OLMo-7B-0424-hf
21,He cut grass using,inconceivable,an essay.,5,Ġessay,-10.592327117919922,True,allenai/OLMo-7B-0424-hf
21,He cut grass using,inconceivable,an essay.,6,.,-2.635976791381836,True,allenai/OLMo-7B-0424-hf
21,He cut grass using,inconceivable_syntactic,then.,0,He,0.0,False,allenai/OLMo-7B-0424-hf
21,He cut grass using,inconceivable_syntactic,then.,1,Ġcut,-9.66148567199707,False,allenai/OLMo-7B-0424-hf
21,He cut grass using,inconceivable_syntactic,then.,2,Ġgrass,-8.853757858276367,False,allenai/OLMo-7B-0424-hf
21,He cut grass using,inconceivable_syntactic,then.,3,Ġusing,-6.851631164550781,False,allenai/OLMo-7B-0424-hf
21,He cut grass using,inconceivable_syntactic,then.,4,Ġthen,-10.976537704467773,True,allenai/OLMo-7B-0424-hf
21,He cut grass using,inconceivable_syntactic,then.,5,.,-4.779107093811035,True,allenai/OLMo-7B-0424-hf
22,He cut cardboard using,probable,scissors.,0,He,0.0,False,allenai/OLMo-7B-0424-hf
22,He cut cardboard using,probable,scissors.,1,Ġcut,-9.661483764648438,False,allenai/OLMo-7B-0424-hf
22,He cut cardboard using,probable,scissors.,2,Ġcardboard,-12.80667495727539,False,allenai/OLMo-7B-0424-hf
22,He cut cardboard using,probable,scissors.,3,Ġusing,-6.370113372802734,False,allenai/OLMo-7B-0424-hf
22,He cut cardboard using,probable,scissors.,4,Ġsc,-3.3168535232543945,True,allenai/OLMo-7B-0424-hf
22,He cut cardboard using,probable,scissors.,5,issors,-0.029859542846679688,True,allenai/OLMo-7B-0424-hf
22,He cut cardboard using,probable,scissors.,6,.,-1.6083650588989258,True,allenai/OLMo-7B-0424-hf
22,He cut cardboard using,improbable,a scalpel.,0,He,0.0,False,allenai/OLMo-7B-0424-hf
22,He cut cardboard using,improbable,a scalpel.,1,Ġcut,-9.661481857299805,False,allenai/OLMo-7B-0424-hf
22,He cut cardboard using,improbable,a scalpel.,2,Ġcardboard,-12.806676864624023,False,allenai/OLMo-7B-0424-hf
22,He cut cardboard using,improbable,a scalpel.,3,Ġusing,-6.370111465454102,False,allenai/OLMo-7B-0424-hf
22,He cut cardboard using,improbable,a scalpel.,4,Ġa,-0.6696538925170898,True,allenai/OLMo-7B-0424-hf
22,He cut cardboard using,improbable,a scalpel.,5,Ġscalp,-4.877960205078125,True,allenai/OLMo-7B-0424-hf
22,He cut cardboard using,improbable,a scalpel.,6,el,-0.0011959075927734375,True,allenai/OLMo-7B-0424-hf
22,He cut cardboard using,improbable,a scalpel.,7,.,-1.9214763641357422,True,allenai/OLMo-7B-0424-hf
22,He cut cardboard using,impossible,fur.,0,He,0.0,False,allenai/OLMo-7B-0424-hf
22,He cut cardboard using,impossible,fur.,1,Ġcut,-9.66148567199707,False,allenai/OLMo-7B-0424-hf
22,He cut cardboard using,impossible,fur.,2,Ġcardboard,-12.806676864624023,False,allenai/OLMo-7B-0424-hf
22,He cut cardboard using,impossible,fur.,3,Ġusing,-6.370114326477051,False,allenai/OLMo-7B-0424-hf
22,He cut cardboard using,impossible,fur.,4,Ġfur,-11.987534523010254,True,allenai/OLMo-7B-0424-hf
22,He cut cardboard using,impossible,fur.,5,.,-3.8278989791870117,True,allenai/OLMo-7B-0424-hf
22,He cut cardboard using,inconceivable,a snore.,0,He,0.0,False,allenai/OLMo-7B-0424-hf
22,He cut cardboard using,inconceivable,a snore.,1,Ġcut,-9.661481857299805,False,allenai/OLMo-7B-0424-hf
22,He cut cardboard using,inconceivable,a snore.,2,Ġcardboard,-12.806676864624023,False,allenai/OLMo-7B-0424-hf
22,He cut cardboard using,inconceivable,a snore.,3,Ġusing,-6.370111465454102,False,allenai/OLMo-7B-0424-hf
22,He cut cardboard using,inconceivable,a snore.,4,Ġa,-0.6696538925170898,True,allenai/OLMo-7B-0424-hf
22,He cut cardboard using,inconceivable,a snore.,5,Ġsn,-8.380302429199219,True,allenai/OLMo-7B-0424-hf
22,He cut cardboard using,inconceivable,a snore.,6,ore,-9.811432838439941,True,allenai/OLMo-7B-0424-hf
22,He cut cardboard using,inconceivable,a snore.,7,.,-2.824056625366211,True,allenai/OLMo-7B-0424-hf
22,He cut cardboard using,inconceivable_syntactic,sometimes.,0,He,0.0,False,allenai/OLMo-7B-0424-hf
22,He cut cardboard using,inconceivable_syntactic,sometimes.,1,Ġcut,-9.66148567199707,False,allenai/OLMo-7B-0424-hf
22,He cut cardboard using,inconceivable_syntactic,sometimes.,2,Ġcardboard,-12.806676864624023,False,allenai/OLMo-7B-0424-hf
22,He cut cardboard using,inconceivable_syntactic,sometimes.,3,Ġusing,-6.370114326477051,False,allenai/OLMo-7B-0424-hf
22,He cut cardboard using,inconceivable_syntactic,sometimes.,4,Ġsometimes,-12.08970832824707,True,allenai/OLMo-7B-0424-hf
22,He cut cardboard using,inconceivable_syntactic,sometimes.,5,.,-5.710540771484375,True,allenai/OLMo-7B-0424-hf
23,He dented a car with,probable,a baseball bat.,0,He,0.0,False,allenai/OLMo-7B-0424-hf
23,He dented a car with,probable,a baseball bat.,1,Ġd,-7.9143877029418945,False,allenai/OLMo-7B-0424-hf
23,He dented a car with,probable,a baseball bat.,2,ented,-6.166454315185547,False,allenai/OLMo-7B-0424-hf
23,He dented a car with,probable,a baseball bat.,3,Ġa,-2.713907241821289,False,allenai/OLMo-7B-0424-hf
23,He dented a car with,probable,a baseball bat.,4,Ġcar,-3.0213623046875,False,allenai/OLMo-7B-0424-hf
23,He dented a car with,probable,a baseball bat.,5,Ġwith,-3.1157970428466797,False,allenai/OLMo-7B-0424-hf
23,He dented a car with,probable,a baseball bat.,6,Ġa,-1.2092103958129883,True,allenai/OLMo-7B-0424-hf
23,He dented a car with,probable,a baseball bat.,7,Ġbaseball,-2.9724292755126953,True,allenai/OLMo-7B-0424-hf
23,He dented a car with,probable,a baseball bat.,8,Ġbat,-0.10416603088378906,True,allenai/OLMo-7B-0424-hf
23,He dented a car with,probable,a baseball bat.,9,.,-1.3161773681640625,True,allenai/OLMo-7B-0424-hf
23,He dented a car with,improbable,a dumbbell.,0,He,0.0,False,allenai/OLMo-7B-0424-hf
23,He dented a car with,improbable,a dumbbell.,1,Ġd,-7.9143877029418945,False,allenai/OLMo-7B-0424-hf
23,He dented a car with,improbable,a dumbbell.,2,ented,-6.166454315185547,False,allenai/OLMo-7B-0424-hf
23,He dented a car with,improbable,a dumbbell.,3,Ġa,-2.713907241821289,False,allenai/OLMo-7B-0424-hf
23,He dented a car with,improbable,a dumbbell.,4,Ġcar,-3.0213623046875,False,allenai/OLMo-7B-0424-hf
23,He dented a car with,improbable,a dumbbell.,5,Ġwith,-3.1157970428466797,False,allenai/OLMo-7B-0424-hf
23,He dented a car with,improbable,a dumbbell.,6,Ġa,-1.2092103958129883,True,allenai/OLMo-7B-0424-hf
23,He dented a car with,improbable,a dumbbell.,7,Ġdumb,-6.2944183349609375,True,allenai/OLMo-7B-0424-hf
23,He dented a car with,improbable,a dumbbell.,8,bell,-3.5000810623168945,True,allenai/OLMo-7B-0424-hf
23,He dented a car with,improbable,a dumbbell.,9,.,-1.5477161407470703,True,allenai/OLMo-7B-0424-hf
23,He dented a car with,impossible,a breeze.,0,He,0.0,False,allenai/OLMo-7B-0424-hf
23,He dented a car with,impossible,a breeze.,1,Ġd,-7.9143877029418945,False,allenai/OLMo-7B-0424-hf
23,He dented a car with,impossible,a breeze.,2,ented,-6.166454315185547,False,allenai/OLMo-7B-0424-hf
23,He dented a car with,impossible,a breeze.,3,Ġa,-2.713907241821289,False,allenai/OLMo-7B-0424-hf
23,He dented a car with,impossible,a breeze.,4,Ġcar,-3.0213623046875,False,allenai/OLMo-7B-0424-hf
23,He dented a car with,impossible,a breeze.,5,Ġwith,-3.1157970428466797,False,allenai/OLMo-7B-0424-hf
23,He dented a car with,impossible,a breeze.,6,Ġa,-1.2092103958129883,True,allenai/OLMo-7B-0424-hf
23,He dented a car with,impossible,a breeze.,7,Ġbreeze,-11.739334106445312,True,allenai/OLMo-7B-0424-hf
23,He dented a car with,impossible,a breeze.,8,.,-4.516117095947266,True,allenai/OLMo-7B-0424-hf
23,He dented a car with,inconceivable,a nap.,0,He,0.0,False,allenai/OLMo-7B-0424-hf
23,He dented a car with,inconceivable,a nap.,1,Ġd,-7.9143877029418945,False,allenai/OLMo-7B-0424-hf
23,He dented a car with,inconceivable,a nap.,2,ented,-6.166454315185547,False,allenai/OLMo-7B-0424-hf
23,He dented a car with,inconceivable,a nap.,3,Ġa,-2.713907241821289,False,allenai/OLMo-7B-0424-hf
23,He dented a car with,inconceivable,a nap.,4,Ġcar,-3.0213623046875,False,allenai/OLMo-7B-0424-hf
23,He dented a car with,inconceivable,a nap.,5,Ġwith,-3.1157970428466797,False,allenai/OLMo-7B-0424-hf
23,He dented a car with,inconceivable,a nap.,6,Ġa,-1.2092103958129883,True,allenai/OLMo-7B-0424-hf
23,He dented a car with,inconceivable,a nap.,7,Ġnap,-10.265779495239258,True,allenai/OLMo-7B-0424-hf
23,He dented a car with,inconceivable,a nap.,8,.,-6.825381278991699,True,allenai/OLMo-7B-0424-hf
23,He dented a car with,inconceivable_syntactic,from.,0,He,0.0,False,allenai/OLMo-7B-0424-hf
23,He dented a car with,inconceivable_syntactic,from.,1,Ġd,-7.914385795593262,False,allenai/OLMo-7B-0424-hf
23,He dented a car with,inconceivable_syntactic,from.,2,ented,-6.166459083557129,False,allenai/OLMo-7B-0424-hf
23,He dented a car with,inconceivable_syntactic,from.,3,Ġa,-2.713892936706543,False,allenai/OLMo-7B-0424-hf
23,He dented a car with,inconceivable_syntactic,from.,4,Ġcar,-3.021371841430664,False,allenai/OLMo-7B-0424-hf
23,He dented a car with,inconceivable_syntactic,from.,5,Ġwith,-3.115795135498047,False,allenai/OLMo-7B-0424-hf
23,He dented a car with,inconceivable_syntactic,from.,6,Ġfrom,-11.281328201293945,True,allenai/OLMo-7B-0424-hf
23,He dented a car with,inconceivable_syntactic,from.,7,.,-5.421843528747559,True,allenai/OLMo-7B-0424-hf
24,He dug a hole using,probable,a shovel.,0,He,0.0,False,allenai/OLMo-7B-0424-hf
24,He dug a hole using,probable,a shovel.,1,Ġdug,-10.000824928283691,False,allenai/OLMo-7B-0424-hf
24,He dug a hole using,probable,a shovel.,2,Ġa,-2.406282424926758,False,allenai/OLMo-7B-0424-hf
24,He dug a hole using,probable,a shovel.,3,Ġhole,-1.1606874465942383,False,allenai/OLMo-7B-0424-hf
24,He dug a hole using,probable,a shovel.,4,Ġusing,-6.239438056945801,False,allenai/OLMo-7B-0424-hf
24,He dug a hole using,probable,a shovel.,5,Ġa,-0.8162040710449219,True,allenai/OLMo-7B-0424-hf
24,He dug a hole using,probable,a shovel.,6,Ġshovel,-1.8890047073364258,True,allenai/OLMo-7B-0424-hf
24,He dug a hole using,probable,a shovel.,7,.,-1.8595991134643555,True,allenai/OLMo-7B-0424-hf
24,He dug a hole using,improbable,a spatula.,0,He,0.0,False,allenai/OLMo-7B-0424-hf
24,He dug a hole using,improbable,a spatula.,1,Ġdug,-10.000833511352539,False,allenai/OLMo-7B-0424-hf
24,He dug a hole using,improbable,a spatula.,2,Ġa,-2.406282424926758,False,allenai/OLMo-7B-0424-hf
24,He dug a hole using,improbable,a spatula.,3,Ġhole,-1.1606836318969727,False,allenai/OLMo-7B-0424-hf
24,He dug a hole using,improbable,a spatula.,4,Ġusing,-6.239441871643066,False,allenai/OLMo-7B-0424-hf
24,He dug a hole using,improbable,a spatula.,5,Ġa,-0.8162012100219727,True,allenai/OLMo-7B-0424-hf
24,He dug a hole using,improbable,a spatula.,6,Ġspat,-7.487281799316406,True,allenai/OLMo-7B-0424-hf
24,He dug a hole using,improbable,a spatula.,7,ula,-0.01592254638671875,True,allenai/OLMo-7B-0424-hf
24,He dug a hole using,improbable,a spatula.,8,.,-1.953282356262207,True,allenai/OLMo-7B-0424-hf
24,He dug a hole using,impossible,dirt.,0,He,0.0,False,allenai/OLMo-7B-0424-hf
24,He dug a hole using,impossible,dirt.,1,Ġdug,-10.000825881958008,False,allenai/OLMo-7B-0424-hf
24,He dug a hole using,impossible,dirt.,2,Ġa,-2.406283378601074,False,allenai/OLMo-7B-0424-hf
24,He dug a hole using,impossible,dirt.,3,Ġhole,-1.1606826782226562,False,allenai/OLMo-7B-0424-hf
24,He dug a hole using,impossible,dirt.,4,Ġusing,-6.239439964294434,False,allenai/OLMo-7B-0424-hf
24,He dug a hole using,impossible,dirt.,5,Ġdirt,-7.970240592956543,True,allenai/OLMo-7B-0424-hf
24,He dug a hole using,impossible,dirt.,6,.,-4.1245317459106445,True,allenai/OLMo-7B-0424-hf
24,He dug a hole using,inconceivable,a yawn.,0,He,0.0,False,allenai/OLMo-7B-0424-hf
24,He dug a hole using,inconceivable,a yawn.,1,Ġdug,-10.000833511352539,False,allenai/OLMo-7B-0424-hf
24,He dug a hole using,inconceivable,a yawn.,2,Ġa,-2.406282424926758,False,allenai/OLMo-7B-0424-hf
24,He dug a hole using,inconceivable,a yawn.,3,Ġhole,-1.1606836318969727,False,allenai/OLMo-7B-0424-hf
24,He dug a hole using,inconceivable,a yawn.,4,Ġusing,-6.239441871643066,False,allenai/OLMo-7B-0424-hf
24,He dug a hole using,inconceivable,a yawn.,5,Ġa,-0.8162012100219727,True,allenai/OLMo-7B-0424-hf
24,He dug a hole using,inconceivable,a yawn.,6,Ġya,-14.035775184631348,True,allenai/OLMo-7B-0424-hf
24,He dug a hole using,inconceivable,a yawn.,7,wn,-0.9885015487670898,True,allenai/OLMo-7B-0424-hf
24,He dug a hole using,inconceivable,a yawn.,8,.,-1.7188940048217773,True,allenai/OLMo-7B-0424-hf
24,He dug a hole using,inconceivable_syntactic,except.,0,He,0.0,False,allenai/OLMo-7B-0424-hf
24,He dug a hole using,inconceivable_syntactic,except.,1,Ġdug,-10.000825881958008,False,allenai/OLMo-7B-0424-hf
24,He dug a hole using,inconceivable_syntactic,except.,2,Ġa,-2.406283378601074,False,allenai/OLMo-7B-0424-hf
24,He dug a hole using,inconceivable_syntactic,except.,3,Ġhole,-1.1606826782226562,False,allenai/OLMo-7B-0424-hf
24,He dug a hole using,inconceivable_syntactic,except.,4,Ġusing,-6.239439964294434,False,allenai/OLMo-7B-0424-hf
24,He dug a hole using,inconceivable_syntactic,except.,5,Ġexcept,-15.67733097076416,True,allenai/OLMo-7B-0424-hf
24,He dug a hole using,inconceivable_syntactic,except.,6,.,-4.0544633865356445,True,allenai/OLMo-7B-0424-hf
25,He dipped a biscuit into,probable,coffee.,0,He,0.0,False,allenai/OLMo-7B-0424-hf
25,He dipped a biscuit into,probable,coffee.,1,Ġdipped,-10.782474517822266,False,allenai/OLMo-7B-0424-hf
25,He dipped a biscuit into,probable,coffee.,2,Ġa,-3.0536670684814453,False,allenai/OLMo-7B-0424-hf
25,He dipped a biscuit into,probable,coffee.,3,Ġbisc,-6.161127090454102,False,allenai/OLMo-7B-0424-hf
25,He dipped a biscuit into,probable,coffee.,4,uit,-0.009656906127929688,False,allenai/OLMo-7B-0424-hf
25,He dipped a biscuit into,probable,coffee.,5,Ġinto,-0.9279956817626953,False,allenai/OLMo-7B-0424-hf
25,He dipped a biscuit into,probable,coffee.,6,Ġcoffee,-4.948809623718262,True,allenai/OLMo-7B-0424-hf
25,He dipped a biscuit into,probable,coffee.,7,.,-1.901559829711914,True,allenai/OLMo-7B-0424-hf
25,He dipped a biscuit into,improbable,wine.,0,He,0.0,False,allenai/OLMo-7B-0424-hf
25,He dipped a biscuit into,improbable,wine.,1,Ġdipped,-10.782474517822266,False,allenai/OLMo-7B-0424-hf
25,He dipped a biscuit into,improbable,wine.,2,Ġa,-3.0536670684814453,False,allenai/OLMo-7B-0424-hf
25,He dipped a biscuit into,improbable,wine.,3,Ġbisc,-6.161127090454102,False,allenai/OLMo-7B-0424-hf
25,He dipped a biscuit into,improbable,wine.,4,uit,-0.009656906127929688,False,allenai/OLMo-7B-0424-hf
25,He dipped a biscuit into,improbable,wine.,5,Ġinto,-0.9279956817626953,False,allenai/OLMo-7B-0424-hf
25,He dipped a biscuit into,improbable,wine.,6,Ġwine,-6.763410568237305,True,allenai/OLMo-7B-0424-hf
25,He dipped a biscuit into,improbable,wine.,7,.,-1.8279495239257812,True,allenai/OLMo-7B-0424-hf
25,He dipped a biscuit into,impossible,a floor.,0,He,0.0,False,allenai/OLMo-7B-0424-hf
25,He dipped a biscuit into,impossible,a floor.,1,Ġdipped,-10.782476425170898,False,allenai/OLMo-7B-0424-hf
25,He dipped a biscuit into,impossible,a floor.,2,Ġa,-3.053659439086914,False,allenai/OLMo-7B-0424-hf
25,He dipped a biscuit into,impossible,a floor.,3,Ġbisc,-6.16111946105957,False,allenai/OLMo-7B-0424-hf
25,He dipped a biscuit into,impossible,a floor.,4,uit,-0.009656906127929688,False,allenai/OLMo-7B-0424-hf
25,He dipped a biscuit into,impossible,a floor.,5,Ġinto,-0.9279899597167969,False,allenai/OLMo-7B-0424-hf
25,He dipped a biscuit into,impossible,a floor.,6,Ġa,-2.0296411514282227,True,allenai/OLMo-7B-0424-hf
25,He dipped a biscuit into,impossible,a floor.,7,Ġfloor,-11.617532730102539,True,allenai/OLMo-7B-0424-hf
25,He dipped a biscuit into,impossible,a floor.,8,.,-4.162844657897949,True,allenai/OLMo-7B-0424-hf
25,He dipped a biscuit into,inconceivable,a myth.,0,He,0.0,False,allenai/OLMo-7B-0424-hf
25,He dipped a biscuit into,inconceivable,a myth.,1,Ġdipped,-10.782476425170898,False,allenai/OLMo-7B-0424-hf
25,He dipped a biscuit into,inconceivable,a myth.,2,Ġa,-3.053659439086914,False,allenai/OLMo-7B-0424-hf
25,He dipped a biscuit into,inconceivable,a myth.,3,Ġbisc,-6.16111946105957,False,allenai/OLMo-7B-0424-hf
25,He dipped a biscuit into,inconceivable,a myth.,4,uit,-0.009656906127929688,False,allenai/OLMo-7B-0424-hf
25,He dipped a biscuit into,inconceivable,a myth.,5,Ġinto,-0.9279899597167969,False,allenai/OLMo-7B-0424-hf
25,He dipped a biscuit into,inconceivable,a myth.,6,Ġa,-2.0296411514282227,True,allenai/OLMo-7B-0424-hf
25,He dipped a biscuit into,inconceivable,a myth.,7,Ġmyth,-13.31775951385498,True,allenai/OLMo-7B-0424-hf
25,He dipped a biscuit into,inconceivable,a myth.,8,.,-5.798032760620117,True,allenai/OLMo-7B-0424-hf
25,He dipped a biscuit into,inconceivable_syntactic,by.,0,He,0.0,False,allenai/OLMo-7B-0424-hf
25,He dipped a biscuit into,inconceivable_syntactic,by.,1,Ġdipped,-10.782474517822266,False,allenai/OLMo-7B-0424-hf
25,He dipped a biscuit into,inconceivable_syntactic,by.,2,Ġa,-3.0536670684814453,False,allenai/OLMo-7B-0424-hf
25,He dipped a biscuit into,inconceivable_syntactic,by.,3,Ġbisc,-6.161127090454102,False,allenai/OLMo-7B-0424-hf
25,He dipped a biscuit into,inconceivable_syntactic,by.,4,uit,-0.009656906127929688,False,allenai/OLMo-7B-0424-hf
25,He dipped a biscuit into,inconceivable_syntactic,by.,5,Ġinto,-0.9279956817626953,False,allenai/OLMo-7B-0424-hf
25,He dipped a biscuit into,inconceivable_syntactic,by.,6,Ġby,-12.437216758728027,True,allenai/OLMo-7B-0424-hf
25,He dipped a biscuit into,inconceivable_syntactic,by.,7,.,-5.318718910217285,True,allenai/OLMo-7B-0424-hf
26,He displayed books on,probable,a shelf.,0,He,0.0,False,allenai/OLMo-7B-0424-hf
26,He displayed books on,probable,a shelf.,1,Ġdisplayed,-10.597290992736816,False,allenai/OLMo-7B-0424-hf
26,He displayed books on,probable,a shelf.,2,Ġbooks,-10.019063949584961,False,allenai/OLMo-7B-0424-hf
26,He displayed books on,probable,a shelf.,3,Ġon,-2.093337059020996,False,allenai/OLMo-7B-0424-hf
26,He displayed books on,probable,a shelf.,4,Ġa,-3.3061037063598633,True,allenai/OLMo-7B-0424-hf
26,He displayed books on,probable,a shelf.,5,Ġshelf,-2.700939178466797,True,allenai/OLMo-7B-0424-hf
26,He displayed books on,probable,a shelf.,6,.,-2.291234016418457,True,allenai/OLMo-7B-0424-hf
26,He displayed books on,improbable,a bed.,0,He,0.0,False,allenai/OLMo-7B-0424-hf
26,He displayed books on,improbable,a bed.,1,Ġdisplayed,-10.597290992736816,False,allenai/OLMo-7B-0424-hf
26,He displayed books on,improbable,a bed.,2,Ġbooks,-10.019063949584961,False,allenai/OLMo-7B-0424-hf
26,He displayed books on,improbable,a bed.,3,Ġon,-2.093337059020996,False,allenai/OLMo-7B-0424-hf
26,He displayed books on,improbable,a bed.,4,Ġa,-3.3061037063598633,True,allenai/OLMo-7B-0424-hf
26,He displayed books on,improbable,a bed.,5,Ġbed,-5.787182807922363,True,allenai/OLMo-7B-0424-hf
26,He displayed books on,improbable,a bed.,6,.,-2.2778730392456055,True,allenai/OLMo-7B-0424-hf
26,He displayed books on,impossible,a galaxy.,0,He,0.0,False,allenai/OLMo-7B-0424-hf
26,He displayed books on,impossible,a galaxy.,1,Ġdisplayed,-10.597290992736816,False,allenai/OLMo-7B-0424-hf
26,He displayed books on,impossible,a galaxy.,2,Ġbooks,-10.019063949584961,False,allenai/OLMo-7B-0424-hf
26,He displayed books on,impossible,a galaxy.,3,Ġon,-2.093337059020996,False,allenai/OLMo-7B-0424-hf
26,He displayed books on,impossible,a galaxy.,4,Ġa,-3.3061037063598633,True,allenai/OLMo-7B-0424-hf
26,He displayed books on,impossible,a galaxy.,5,Ġgalaxy,-12.076797485351562,True,allenai/OLMo-7B-0424-hf
26,He displayed books on,impossible,a galaxy.,6,.,-4.645777702331543,True,allenai/OLMo-7B-0424-hf
26,He displayed books on,inconceivable,a sigh.,0,He,0.0,False,allenai/OLMo-7B-0424-hf
26,He displayed books on,inconceivable,a sigh.,1,Ġdisplayed,-10.597290992736816,False,allenai/OLMo-7B-0424-hf
26,He displayed books on,inconceivable,a sigh.,2,Ġbooks,-10.019063949584961,False,allenai/OLMo-7B-0424-hf
26,He displayed books on,inconceivable,a sigh.,3,Ġon,-2.093337059020996,False,allenai/OLMo-7B-0424-hf
26,He displayed books on,inconceivable,a sigh.,4,Ġa,-3.3061037063598633,True,allenai/OLMo-7B-0424-hf
26,He displayed books on,inconceivable,a sigh.,5,Ġsigh,-13.808453559875488,True,allenai/OLMo-7B-0424-hf
26,He displayed books on,inconceivable,a sigh.,6,.,-2.6706619262695312,True,allenai/OLMo-7B-0424-hf
26,He displayed books on,inconceivable_syntactic,for.,0,He,0.0,False,allenai/OLMo-7B-0424-hf
26,He displayed books on,inconceivable_syntactic,for.,1,Ġdisplayed,-10.5972900390625,False,allenai/OLMo-7B-0424-hf
26,He displayed books on,inconceivable_syntactic,for.,2,Ġbooks,-10.019065856933594,False,allenai/OLMo-7B-0424-hf
26,He displayed books on,inconceivable_syntactic,for.,3,Ġon,-2.093337059020996,False,allenai/OLMo-7B-0424-hf
26,He displayed books on,inconceivable_syntactic,for.,4,Ġfor,-9.447101593017578,True,allenai/OLMo-7B-0424-hf
26,He displayed books on,inconceivable_syntactic,for.,5,.,-5.617545127868652,True,allenai/OLMo-7B-0424-hf
27,He docked a boat using,probable,an anchor.,0,He,0.0,False,allenai/OLMo-7B-0424-hf
27,He docked a boat using,probable,an anchor.,1,Ġdock,-13.373916625976562,False,allenai/OLMo-7B-0424-hf
27,He docked a boat using,probable,an anchor.,2,ed,-0.11536979675292969,False,allenai/OLMo-7B-0424-hf
27,He docked a boat using,probable,an anchor.,3,Ġa,-3.083157539367676,False,allenai/OLMo-7B-0424-hf
27,He docked a boat using,probable,an anchor.,4,Ġboat,-5.590856552124023,False,allenai/OLMo-7B-0424-hf
27,He docked a boat using,probable,an anchor.,5,Ġusing,-6.963153839111328,False,allenai/OLMo-7B-0424-hf
27,He docked a boat using,probable,an anchor.,6,Ġan,-3.321786880493164,True,allenai/OLMo-7B-0424-hf
27,He docked a boat using,probable,an anchor.,7,Ġanchor,-2.547365188598633,True,allenai/OLMo-7B-0424-hf
27,He docked a boat using,probable,an anchor.,8,.,-2.0036258697509766,True,allenai/OLMo-7B-0424-hf
27,He docked a boat using,improbable,an anvil.,0,He,0.0,False,allenai/OLMo-7B-0424-hf
27,He docked a boat using,improbable,an anvil.,1,Ġdock,-13.373916625976562,False,allenai/OLMo-7B-0424-hf
27,He docked a boat using,improbable,an anvil.,2,ed,-0.11536979675292969,False,allenai/OLMo-7B-0424-hf
27,He docked a boat using,improbable,an anvil.,3,Ġa,-3.083157539367676,False,allenai/OLMo-7B-0424-hf
27,He docked a boat using,improbable,an anvil.,4,Ġboat,-5.590856552124023,False,allenai/OLMo-7B-0424-hf
27,He docked a boat using,improbable,an anvil.,5,Ġusing,-6.963153839111328,False,allenai/OLMo-7B-0424-hf
27,He docked a boat using,improbable,an anvil.,6,Ġan,-3.321786880493164,True,allenai/OLMo-7B-0424-hf
27,He docked a boat using,improbable,an anvil.,7,Ġan,-4.507199287414551,True,allenai/OLMo-7B-0424-hf
27,He docked a boat using,improbable,an anvil.,8,vil,-0.36673927307128906,True,allenai/OLMo-7B-0424-hf
27,He docked a boat using,improbable,an anvil.,9,.,-2.0054702758789062,True,allenai/OLMo-7B-0424-hf
27,He docked a boat using,impossible,a balloon.,0,He,0.0,False,allenai/OLMo-7B-0424-hf
27,He docked a boat using,impossible,a balloon.,1,Ġdock,-13.373916625976562,False,allenai/OLMo-7B-0424-hf
27,He docked a boat using,impossible,a balloon.,2,ed,-0.11536979675292969,False,allenai/OLMo-7B-0424-hf
27,He docked a boat using,impossible,a balloon.,3,Ġa,-3.083157539367676,False,allenai/OLMo-7B-0424-hf
27,He docked a boat using,impossible,a balloon.,4,Ġboat,-5.590856552124023,False,allenai/OLMo-7B-0424-hf
27,He docked a boat using,impossible,a balloon.,5,Ġusing,-6.963153839111328,False,allenai/OLMo-7B-0424-hf
27,He docked a boat using,impossible,a balloon.,6,Ġa,-1.063817024230957,True,allenai/OLMo-7B-0424-hf
27,He docked a boat using,impossible,a balloon.,7,Ġballoon,-8.001043319702148,True,allenai/OLMo-7B-0424-hf
27,He docked a boat using,impossible,a balloon.,8,.,-1.671555519104004,True,allenai/OLMo-7B-0424-hf
27,He docked a boat using,inconceivable,a lesson.,0,He,0.0,False,allenai/OLMo-7B-0424-hf
27,He docked a boat using,inconceivable,a lesson.,1,Ġdock,-13.373916625976562,False,allenai/OLMo-7B-0424-hf
27,He docked a boat using,inconceivable,a lesson.,2,ed,-0.11536979675292969,False,allenai/OLMo-7B-0424-hf
27,He docked a boat using,inconceivable,a lesson.,3,Ġa,-3.083157539367676,False,allenai/OLMo-7B-0424-hf
27,He docked a boat using,inconceivable,a lesson.,4,Ġboat,-5.590856552124023,False,allenai/OLMo-7B-0424-hf
27,He docked a boat using,inconceivable,a lesson.,5,Ġusing,-6.963153839111328,False,allenai/OLMo-7B-0424-hf
27,He docked a boat using,inconceivable,a lesson.,6,Ġa,-1.063817024230957,True,allenai/OLMo-7B-0424-hf
27,He docked a boat using,inconceivable,a lesson.,7,Ġlesson,-11.580381393432617,True,allenai/OLMo-7B-0424-hf
27,He docked a boat using,inconceivable,a lesson.,8,.,-4.220412254333496,True,allenai/OLMo-7B-0424-hf
27,He docked a boat using,inconceivable_syntactic,though.,0,He,0.0,False,allenai/OLMo-7B-0424-hf
27,He docked a boat using,inconceivable_syntactic,though.,1,Ġdock,-13.373910903930664,False,allenai/OLMo-7B-0424-hf
27,He docked a boat using,inconceivable_syntactic,though.,2,ed,-0.11536979675292969,False,allenai/OLMo-7B-0424-hf
27,He docked a boat using,inconceivable_syntactic,though.,3,Ġa,-3.083158493041992,False,allenai/OLMo-7B-0424-hf
27,He docked a boat using,inconceivable_syntactic,though.,4,Ġboat,-5.590850830078125,False,allenai/OLMo-7B-0424-hf
27,He docked a boat using,inconceivable_syntactic,though.,5,Ġusing,-6.963147163391113,False,allenai/OLMo-7B-0424-hf
27,He docked a boat using,inconceivable_syntactic,though.,6,Ġthough,-13.071152687072754,True,allenai/OLMo-7B-0424-hf
27,He docked a boat using,inconceivable_syntactic,though.,7,.,-3.6542158126831055,True,allenai/OLMo-7B-0424-hf
28,He drank a cup full of,probable,water.,0,He,0.0,False,allenai/OLMo-7B-0424-hf
28,He drank a cup full of,probable,water.,1,Ġdrank,-9.483380317687988,False,allenai/OLMo-7B-0424-hf
28,He drank a cup full of,probable,water.,2,Ġa,-2.2163124084472656,False,allenai/OLMo-7B-0424-hf
28,He drank a cup full of,probable,water.,3,Ġcup,-3.221013069152832,False,allenai/OLMo-7B-0424-hf
28,He drank a cup full of,probable,water.,4,Ġfull,-5.823879241943359,False,allenai/OLMo-7B-0424-hf
28,He drank a cup full of,probable,water.,5,Ġof,-0.23380661010742188,False,allenai/OLMo-7B-0424-hf
28,He drank a cup full of,probable,water.,6,Ġwater,-2.278334617614746,True,allenai/OLMo-7B-0424-hf
28,He drank a cup full of,probable,water.,7,.,-1.9854202270507812,True,allenai/OLMo-7B-0424-hf
28,He drank a cup full of,improbable,honey.,0,He,0.0,False,allenai/OLMo-7B-0424-hf
28,He drank a cup full of,improbable,honey.,1,Ġdrank,-9.483380317687988,False,allenai/OLMo-7B-0424-hf
28,He drank a cup full of,improbable,honey.,2,Ġa,-2.2163124084472656,False,allenai/OLMo-7B-0424-hf
28,He drank a cup full of,improbable,honey.,3,Ġcup,-3.221013069152832,False,allenai/OLMo-7B-0424-hf
28,He drank a cup full of,improbable,honey.,4,Ġfull,-5.823879241943359,False,allenai/OLMo-7B-0424-hf
28,He drank a cup full of,improbable,honey.,5,Ġof,-0.23380661010742188,False,allenai/OLMo-7B-0424-hf
28,He drank a cup full of,improbable,honey.,6,Ġhoney,-5.548489570617676,True,allenai/OLMo-7B-0424-hf
28,He drank a cup full of,improbable,honey.,7,.,-2.453427314758301,True,allenai/OLMo-7B-0424-hf
28,He drank a cup full of,impossible,lightning.,0,He,0.0,False,allenai/OLMo-7B-0424-hf
28,He drank a cup full of,impossible,lightning.,1,Ġdrank,-9.483380317687988,False,allenai/OLMo-7B-0424-hf
28,He drank a cup full of,impossible,lightning.,2,Ġa,-2.2163124084472656,False,allenai/OLMo-7B-0424-hf
28,He drank a cup full of,impossible,lightning.,3,Ġcup,-3.221013069152832,False,allenai/OLMo-7B-0424-hf
28,He drank a cup full of,impossible,lightning.,4,Ġfull,-5.823879241943359,False,allenai/OLMo-7B-0424-hf
28,He drank a cup full of,impossible,lightning.,5,Ġof,-0.23380661010742188,False,allenai/OLMo-7B-0424-hf
28,He drank a cup full of,impossible,lightning.,6,Ġlightning,-10.271295547485352,True,allenai/OLMo-7B-0424-hf
28,He drank a cup full of,impossible,lightning.,7,.,-1.7254972457885742,True,allenai/OLMo-7B-0424-hf
28,He drank a cup full of,inconceivable,minutes.,0,He,0.0,False,allenai/OLMo-7B-0424-hf
28,He drank a cup full of,inconceivable,minutes.,1,Ġdrank,-9.483380317687988,False,allenai/OLMo-7B-0424-hf
28,He drank a cup full of,inconceivable,minutes.,2,Ġa,-2.2163124084472656,False,allenai/OLMo-7B-0424-hf
28,He drank a cup full of,inconceivable,minutes.,3,Ġcup,-3.221013069152832,False,allenai/OLMo-7B-0424-hf
28,He drank a cup full of,inconceivable,minutes.,4,Ġfull,-5.823879241943359,False,allenai/OLMo-7B-0424-hf
28,He drank a cup full of,inconceivable,minutes.,5,Ġof,-0.23380661010742188,False,allenai/OLMo-7B-0424-hf
28,He drank a cup full of,inconceivable,minutes.,6,Ġminutes,-11.695455551147461,True,allenai/OLMo-7B-0424-hf
28,He drank a cup full of,inconceivable,minutes.,7,.,-1.8446311950683594,True,allenai/OLMo-7B-0424-hf
28,He drank a cup full of,inconceivable_syntactic,during.,0,He,0.0,False,allenai/OLMo-7B-0424-hf
28,He drank a cup full of,inconceivable_syntactic,during.,1,Ġdrank,-9.483380317687988,False,allenai/OLMo-7B-0424-hf
28,He drank a cup full of,inconceivable_syntactic,during.,2,Ġa,-2.2163124084472656,False,allenai/OLMo-7B-0424-hf
28,He drank a cup full of,inconceivable_syntactic,during.,3,Ġcup,-3.221013069152832,False,allenai/OLMo-7B-0424-hf
28,He drank a cup full of,inconceivable_syntactic,during.,4,Ġfull,-5.823879241943359,False,allenai/OLMo-7B-0424-hf
28,He drank a cup full of,inconceivable_syntactic,during.,5,Ġof,-0.23380661010742188,False,allenai/OLMo-7B-0424-hf
28,He drank a cup full of,inconceivable_syntactic,during.,6,Ġduring,-13.230022430419922,True,allenai/OLMo-7B-0424-hf
28,He drank a cup full of,inconceivable_syntactic,during.,7,.,-4.606376647949219,True,allenai/OLMo-7B-0424-hf
29,He dried his hands using,probable,a towel.,0,He,0.0,False,allenai/OLMo-7B-0424-hf
29,He dried his hands using,probable,a towel.,1,Ġdried,-12.004171371459961,False,allenai/OLMo-7B-0424-hf
29,He dried his hands using,probable,a towel.,2,Ġhis,-0.5063304901123047,False,allenai/OLMo-7B-0424-hf
29,He dried his hands using,probable,a towel.,3,Ġhands,-1.4116506576538086,False,allenai/OLMo-7B-0424-hf
29,He dried his hands using,probable,a towel.,4,Ġusing,-7.6450347900390625,False,allenai/OLMo-7B-0424-hf
29,He dried his hands using,probable,a towel.,5,Ġa,-0.9264211654663086,True,allenai/OLMo-7B-0424-hf
29,He dried his hands using,probable,a towel.,6,Ġtowel,-0.6886577606201172,True,allenai/OLMo-7B-0424-hf
29,He dried his hands using,probable,a towel.,7,.,-1.9802589416503906,True,allenai/OLMo-7B-0424-hf
29,He dried his hands using,improbable,a sweater.,0,He,0.0,False,allenai/OLMo-7B-0424-hf
29,He dried his hands using,improbable,a sweater.,1,Ġdried,-12.004171371459961,False,allenai/OLMo-7B-0424-hf
29,He dried his hands using,improbable,a sweater.,2,Ġhis,-0.5063304901123047,False,allenai/OLMo-7B-0424-hf
29,He dried his hands using,improbable,a sweater.,3,Ġhands,-1.4116506576538086,False,allenai/OLMo-7B-0424-hf
29,He dried his hands using,improbable,a sweater.,4,Ġusing,-7.6450347900390625,False,allenai/OLMo-7B-0424-hf
29,He dried his hands using,improbable,a sweater.,5,Ġa,-0.9264211654663086,True,allenai/OLMo-7B-0424-hf
29,He dried his hands using,improbable,a sweater.,6,Ġsweater,-10.191319465637207,True,allenai/OLMo-7B-0424-hf
29,He dried his hands using,improbable,a sweater.,7,.,-2.692112922668457,True,allenai/OLMo-7B-0424-hf
29,He dried his hands using,impossible,a liquid.,0,He,0.0,False,allenai/OLMo-7B-0424-hf
29,He dried his hands using,impossible,a liquid.,1,Ġdried,-12.004171371459961,False,allenai/OLMo-7B-0424-hf
29,He dried his hands using,impossible,a liquid.,2,Ġhis,-0.5063304901123047,False,allenai/OLMo-7B-0424-hf
29,He dried his hands using,impossible,a liquid.,3,Ġhands,-1.4116506576538086,False,allenai/OLMo-7B-0424-hf
29,He dried his hands using,impossible,a liquid.,4,Ġusing,-7.6450347900390625,False,allenai/OLMo-7B-0424-hf
29,He dried his hands using,impossible,a liquid.,5,Ġa,-0.9264211654663086,True,allenai/OLMo-7B-0424-hf
29,He dried his hands using,impossible,a liquid.,6,Ġliquid,-9.24329948425293,True,allenai/OLMo-7B-0424-hf
29,He dried his hands using,impossible,a liquid.,7,.,-5.135974884033203,True,allenai/OLMo-7B-0424-hf
29,He dried his hands using,inconceivable,freedom.,0,He,0.0,False,allenai/OLMo-7B-0424-hf
29,He dried his hands using,inconceivable,freedom.,1,Ġdried,-12.004171371459961,False,allenai/OLMo-7B-0424-hf
29,He dried his hands using,inconceivable,freedom.,2,Ġhis,-0.5063323974609375,False,allenai/OLMo-7B-0424-hf
29,He dried his hands using,inconceivable,freedom.,3,Ġhands,-1.4116449356079102,False,allenai/OLMo-7B-0424-hf
29,He dried his hands using,inconceivable,freedom.,4,Ġusing,-7.645042419433594,False,allenai/OLMo-7B-0424-hf
29,He dried his hands using,inconceivable,freedom.,5,Ġfreedom,-14.348470687866211,True,allenai/OLMo-7B-0424-hf
29,He dried his hands using,inconceivable,freedom.,6,.,-2.5082292556762695,True,allenai/OLMo-7B-0424-hf
29,He dried his hands using,inconceivable_syntactic,always.,0,He,0.0,False,allenai/OLMo-7B-0424-hf
29,He dried his hands using,inconceivable_syntactic,always.,1,Ġdried,-12.004171371459961,False,allenai/OLMo-7B-0424-hf
29,He dried his hands using,inconceivable_syntactic,always.,2,Ġhis,-0.5063323974609375,False,allenai/OLMo-7B-0424-hf
29,He dried his hands using,inconceivable_syntactic,always.,3,Ġhands,-1.4116449356079102,False,allenai/OLMo-7B-0424-hf
29,He dried his hands using,inconceivable_syntactic,always.,4,Ġusing,-7.645042419433594,False,allenai/OLMo-7B-0424-hf
29,He dried his hands using,inconceivable_syntactic,always.,5,Ġalways,-12.74647331237793,True,allenai/OLMo-7B-0424-hf
29,He dried his hands using,inconceivable_syntactic,always.,6,.,-5.936933517456055,True,allenai/OLMo-7B-0424-hf
30,He dried laundry using,probable,a clothesline.,0,He,0.0,False,allenai/OLMo-7B-0424-hf
30,He dried laundry using,probable,a clothesline.,1,Ġdried,-12.004171371459961,False,allenai/OLMo-7B-0424-hf
30,He dried laundry using,probable,a clothesline.,2,Ġlaundry,-11.067086219787598,False,allenai/OLMo-7B-0424-hf
30,He dried laundry using,probable,a clothesline.,3,Ġusing,-5.581815719604492,False,allenai/OLMo-7B-0424-hf
30,He dried laundry using,probable,a clothesline.,4,Ġa,-1.3500385284423828,True,allenai/OLMo-7B-0424-hf
30,He dried laundry using,probable,a clothesline.,5,Ġclothes,-2.3858213424682617,True,allenai/OLMo-7B-0424-hf
30,He dried laundry using,probable,a clothesline.,6,line,-0.6818637847900391,True,allenai/OLMo-7B-0424-hf
30,He dried laundry using,probable,a clothesline.,7,.,-1.5778217315673828,True,allenai/OLMo-7B-0424-hf
30,He dried laundry using,improbable,a fan.,0,He,0.0,False,allenai/OLMo-7B-0424-hf
30,He dried laundry using,improbable,a fan.,1,Ġdried,-12.004171371459961,False,allenai/OLMo-7B-0424-hf
30,He dried laundry using,improbable,a fan.,2,Ġlaundry,-11.067087173461914,False,allenai/OLMo-7B-0424-hf
30,He dried laundry using,improbable,a fan.,3,Ġusing,-5.581809997558594,False,allenai/OLMo-7B-0424-hf
30,He dried laundry using,improbable,a fan.,4,Ġa,-1.3500423431396484,True,allenai/OLMo-7B-0424-hf
30,He dried laundry using,improbable,a fan.,5,Ġfan,-4.907207489013672,True,allenai/OLMo-7B-0424-hf
30,He dried laundry using,improbable,a fan.,6,.,-1.6606731414794922,True,allenai/OLMo-7B-0424-hf
30,He dried laundry using,impossible,juice.,0,He,0.0,False,allenai/OLMo-7B-0424-hf
30,He dried laundry using,impossible,juice.,1,Ġdried,-12.004172325134277,False,allenai/OLMo-7B-0424-hf
30,He dried laundry using,impossible,juice.,2,Ġlaundry,-11.067087173461914,False,allenai/OLMo-7B-0424-hf
30,He dried laundry using,impossible,juice.,3,Ġusing,-5.581809043884277,False,allenai/OLMo-7B-0424-hf
30,He dried laundry using,impossible,juice.,4,Ġjuice,-10.177116394042969,True,allenai/OLMo-7B-0424-hf
30,He dried laundry using,impossible,juice.,5,.,-3.1447229385375977,True,allenai/OLMo-7B-0424-hf
30,He dried laundry using,inconceivable,courage.,0,He,0.0,False,allenai/OLMo-7B-0424-hf
30,He dried laundry using,inconceivable,courage.,1,Ġdried,-12.004172325134277,False,allenai/OLMo-7B-0424-hf
30,He dried laundry using,inconceivable,courage.,2,Ġlaundry,-11.067087173461914,False,allenai/OLMo-7B-0424-hf
30,He dried laundry using,inconceivable,courage.,3,Ġusing,-5.581809043884277,False,allenai/OLMo-7B-0424-hf
30,He dried laundry using,inconceivable,courage.,4,Ġcourage,-12.552275657653809,True,allenai/OLMo-7B-0424-hf
30,He dried laundry using,inconceivable,courage.,5,.,-1.7922296524047852,True,allenai/OLMo-7B-0424-hf
30,He dried laundry using,inconceivable_syntactic,and.,0,He,0.0,False,allenai/OLMo-7B-0424-hf
30,He dried laundry using,inconceivable_syntactic,and.,1,Ġdried,-12.004172325134277,False,allenai/OLMo-7B-0424-hf
30,He dried laundry using,inconceivable_syntactic,and.,2,Ġlaundry,-11.067087173461914,False,allenai/OLMo-7B-0424-hf
30,He dried laundry using,inconceivable_syntactic,and.,3,Ġusing,-5.581809043884277,False,allenai/OLMo-7B-0424-hf
30,He dried laundry using,inconceivable_syntactic,and.,4,Ġand,-8.326351165771484,True,allenai/OLMo-7B-0424-hf
30,He dried laundry using,inconceivable_syntactic,and.,5,.,-5.431144714355469,True,allenai/OLMo-7B-0424-hf
31,He ate soup using,probable,a spoon.,0,He,0.0,False,allenai/OLMo-7B-0424-hf
31,He ate soup using,probable,a spoon.,1,Ġate,-8.313947677612305,False,allenai/OLMo-7B-0424-hf
31,He ate soup using,probable,a spoon.,2,Ġsoup,-7.381641387939453,False,allenai/OLMo-7B-0424-hf
31,He ate soup using,probable,a spoon.,3,Ġusing,-7.374451637268066,False,allenai/OLMo-7B-0424-hf
31,He ate soup using,probable,a spoon.,4,Ġa,-1.1196823120117188,True,allenai/OLMo-7B-0424-hf
31,He ate soup using,probable,a spoon.,5,Ġspoon,-0.8396577835083008,True,allenai/OLMo-7B-0424-hf
31,He ate soup using,probable,a spoon.,6,.,-1.4866924285888672,True,allenai/OLMo-7B-0424-hf
31,He ate soup using,improbable,a bucket.,0,He,0.0,False,allenai/OLMo-7B-0424-hf
31,He ate soup using,improbable,a bucket.,1,Ġate,-8.313947677612305,False,allenai/OLMo-7B-0424-hf
31,He ate soup using,improbable,a bucket.,2,Ġsoup,-7.381641387939453,False,allenai/OLMo-7B-0424-hf
31,He ate soup using,improbable,a bucket.,3,Ġusing,-7.374451637268066,False,allenai/OLMo-7B-0424-hf
31,He ate soup using,improbable,a bucket.,4,Ġa,-1.1196823120117188,True,allenai/OLMo-7B-0424-hf
31,He ate soup using,improbable,a bucket.,5,Ġbucket,-8.859376907348633,True,allenai/OLMo-7B-0424-hf
31,He ate soup using,improbable,a bucket.,6,.,-1.8994712829589844,True,allenai/OLMo-7B-0424-hf
31,He ate soup using,impossible,a sieve.,0,He,0.0,False,allenai/OLMo-7B-0424-hf
31,He ate soup using,impossible,a sieve.,1,Ġate,-8.31395149230957,False,allenai/OLMo-7B-0424-hf
31,He ate soup using,impossible,a sieve.,2,Ġsoup,-7.381635665893555,False,allenai/OLMo-7B-0424-hf
31,He ate soup using,impossible,a sieve.,3,Ġusing,-7.374446868896484,False,allenai/OLMo-7B-0424-hf
31,He ate soup using,impossible,a sieve.,4,Ġa,-1.1196823120117188,True,allenai/OLMo-7B-0424-hf
31,He ate soup using,impossible,a sieve.,5,Ġs,-8.10952377319336,True,allenai/OLMo-7B-0424-hf
31,He ate soup using,impossible,a sieve.,6,ieve,-0.9917259216308594,True,allenai/OLMo-7B-0424-hf
31,He ate soup using,impossible,a sieve.,7,.,-1.5990562438964844,True,allenai/OLMo-7B-0424-hf
31,He ate soup using,inconceivable,history.,0,He,0.0,False,allenai/OLMo-7B-0424-hf
31,He ate soup using,inconceivable,history.,1,Ġate,-8.313952445983887,False,allenai/OLMo-7B-0424-hf
31,He ate soup using,inconceivable,history.,2,Ġsoup,-7.3816423416137695,False,allenai/OLMo-7B-0424-hf
31,He ate soup using,inconceivable,history.,3,Ġusing,-7.374451637268066,False,allenai/OLMo-7B-0424-hf
31,He ate soup using,inconceivable,history.,4,Ġhistory,-13.553622245788574,True,allenai/OLMo-7B-0424-hf
31,He ate soup using,inconceivable,history.,5,.,-2.432790756225586,True,allenai/OLMo-7B-0424-hf
31,He ate soup using,inconceivable_syntactic,ever.,0,He,0.0,False,allenai/OLMo-7B-0424-hf
31,He ate soup using,inconceivable_syntactic,ever.,1,Ġate,-8.313952445983887,False,allenai/OLMo-7B-0424-hf
31,He ate soup using,inconceivable_syntactic,ever.,2,Ġsoup,-7.3816423416137695,False,allenai/OLMo-7B-0424-hf
31,He ate soup using,inconceivable_syntactic,ever.,3,Ġusing,-7.374451637268066,False,allenai/OLMo-7B-0424-hf
31,He ate soup using,inconceivable_syntactic,ever.,4,Ġever,-12.068685531616211,True,allenai/OLMo-7B-0424-hf
31,He ate soup using,inconceivable_syntactic,ever.,5,.,-5.214580535888672,True,allenai/OLMo-7B-0424-hf
32,He entered a room through,probable,a door.,0,He,0.0,False,allenai/OLMo-7B-0424-hf
32,He entered a room through,probable,a door.,1,Ġentered,-8.26051139831543,False,allenai/OLMo-7B-0424-hf
32,He entered a room through,probable,a door.,2,Ġa,-2.840672492980957,False,allenai/OLMo-7B-0424-hf
32,He entered a room through,probable,a door.,3,Ġroom,-4.249349594116211,False,allenai/OLMo-7B-0424-hf
32,He entered a room through,probable,a door.,4,Ġthrough,-6.188806533813477,False,allenai/OLMo-7B-0424-hf
32,He entered a room through,probable,a door.,5,Ġa,-0.882781982421875,True,allenai/OLMo-7B-0424-hf
32,He entered a room through,probable,a door.,6,Ġdoor,-1.5145492553710938,True,allenai/OLMo-7B-0424-hf
32,He entered a room through,probable,a door.,7,.,-2.190265655517578,True,allenai/OLMo-7B-0424-hf
32,He entered a room through,improbable,a window.,0,He,0.0,False,allenai/OLMo-7B-0424-hf
32,He entered a room through,improbable,a window.,1,Ġentered,-8.26051139831543,False,allenai/OLMo-7B-0424-hf
32,He entered a room through,improbable,a window.,2,Ġa,-2.840672492980957,False,allenai/OLMo-7B-0424-hf
32,He entered a room through,improbable,a window.,3,Ġroom,-4.249349594116211,False,allenai/OLMo-7B-0424-hf
32,He entered a room through,improbable,a window.,4,Ġthrough,-6.188806533813477,False,allenai/OLMo-7B-0424-hf
32,He entered a room through,improbable,a window.,5,Ġa,-0.882781982421875,True,allenai/OLMo-7B-0424-hf
32,He entered a room through,improbable,a window.,6,Ġwindow,-2.67495059967041,True,allenai/OLMo-7B-0424-hf
32,He entered a room through,improbable,a window.,7,.,-1.5214004516601562,True,allenai/OLMo-7B-0424-hf
32,He entered a room through,impossible,a wall.,0,He,0.0,False,allenai/OLMo-7B-0424-hf
32,He entered a room through,impossible,a wall.,1,Ġentered,-8.26051139831543,False,allenai/OLMo-7B-0424-hf
32,He entered a room through,impossible,a wall.,2,Ġa,-2.840672492980957,False,allenai/OLMo-7B-0424-hf
32,He entered a room through,impossible,a wall.,3,Ġroom,-4.249349594116211,False,allenai/OLMo-7B-0424-hf
32,He entered a room through,impossible,a wall.,4,Ġthrough,-6.188806533813477,False,allenai/OLMo-7B-0424-hf
32,He entered a room through,impossible,a wall.,5,Ġa,-0.882781982421875,True,allenai/OLMo-7B-0424-hf
32,He entered a room through,impossible,a wall.,6,Ġwall,-4.296167373657227,True,allenai/OLMo-7B-0424-hf
32,He entered a room through,impossible,a wall.,7,.,-1.4942283630371094,True,allenai/OLMo-7B-0424-hf
32,He entered a room through,inconceivable,a theory.,0,He,0.0,False,allenai/OLMo-7B-0424-hf
32,He entered a room through,inconceivable,a theory.,1,Ġentered,-8.26051139831543,False,allenai/OLMo-7B-0424-hf
32,He entered a room through,inconceivable,a theory.,2,Ġa,-2.840672492980957,False,allenai/OLMo-7B-0424-hf
32,He entered a room through,inconceivable,a theory.,3,Ġroom,-4.249349594116211,False,allenai/OLMo-7B-0424-hf
32,He entered a room through,inconceivable,a theory.,4,Ġthrough,-6.188806533813477,False,allenai/OLMo-7B-0424-hf
32,He entered a room through,inconceivable,a theory.,5,Ġa,-0.882781982421875,True,allenai/OLMo-7B-0424-hf
32,He entered a room through,inconceivable,a theory.,6,Ġtheory,-14.659733772277832,True,allenai/OLMo-7B-0424-hf
32,He entered a room through,inconceivable,a theory.,7,.,-2.4903249740600586,True,allenai/OLMo-7B-0424-hf
32,He entered a room through,inconceivable_syntactic,should.,0,He,0.0,False,allenai/OLMo-7B-0424-hf
32,He entered a room through,inconceivable_syntactic,should.,1,Ġentered,-8.260509490966797,False,allenai/OLMo-7B-0424-hf
32,He entered a room through,inconceivable_syntactic,should.,2,Ġa,-2.84067440032959,False,allenai/OLMo-7B-0424-hf
32,He entered a room through,inconceivable_syntactic,should.,3,Ġroom,-4.249351501464844,False,allenai/OLMo-7B-0424-hf
32,He entered a room through,inconceivable_syntactic,should.,4,Ġthrough,-6.188804626464844,False,allenai/OLMo-7B-0424-hf
32,He entered a room through,inconceivable_syntactic,should.,5,Ġshould,-13.816349983215332,True,allenai/OLMo-7B-0424-hf
32,He entered a room through,inconceivable_syntactic,should.,6,.,-3.8658647537231445,True,allenai/OLMo-7B-0424-hf
33,He filled a bucket with,probable,sand.,0,He,0.0,False,allenai/OLMo-7B-0424-hf
33,He filled a bucket with,probable,sand.,1,Ġfilled,-8.665037155151367,False,allenai/OLMo-7B-0424-hf
33,He filled a bucket with,probable,sand.,2,Ġa,-2.5988054275512695,False,allenai/OLMo-7B-0424-hf
33,He filled a bucket with,probable,sand.,3,Ġbucket,-4.332806587219238,False,allenai/OLMo-7B-0424-hf
33,He filled a bucket with,probable,sand.,4,Ġwith,-0.5630149841308594,False,allenai/OLMo-7B-0424-hf
33,He filled a bucket with,probable,sand.,5,Ġsand,-3.3551206588745117,True,allenai/OLMo-7B-0424-hf
33,He filled a bucket with,probable,sand.,6,.,-2.3718700408935547,True,allenai/OLMo-7B-0424-hf
33,He filled a bucket with,improbable,acorns.,0,He,0.0,False,allenai/OLMo-7B-0424-hf
33,He filled a bucket with,improbable,acorns.,1,Ġfilled,-8.665033340454102,False,allenai/OLMo-7B-0424-hf
33,He filled a bucket with,improbable,acorns.,2,Ġa,-2.5987911224365234,False,allenai/OLMo-7B-0424-hf
33,He filled a bucket with,improbable,acorns.,3,Ġbucket,-4.332805633544922,False,allenai/OLMo-7B-0424-hf
33,He filled a bucket with,improbable,acorns.,4,Ġwith,-0.5630149841308594,False,allenai/OLMo-7B-0424-hf
33,He filled a bucket with,improbable,acorns.,5,Ġac,-8.820897102355957,True,allenai/OLMo-7B-0424-hf
33,He filled a bucket with,improbable,acorns.,6,orns,-0.04021453857421875,True,allenai/OLMo-7B-0424-hf
33,He filled a bucket with,improbable,acorns.,7,.,-2.446316719055176,True,allenai/OLMo-7B-0424-hf
33,He filled a bucket with,impossible,buildings.,0,He,0.0,False,allenai/OLMo-7B-0424-hf
33,He filled a bucket with,impossible,buildings.,1,Ġfilled,-8.665037155151367,False,allenai/OLMo-7B-0424-hf
33,He filled a bucket with,impossible,buildings.,2,Ġa,-2.5988054275512695,False,allenai/OLMo-7B-0424-hf
33,He filled a bucket with,impossible,buildings.,3,Ġbucket,-4.332806587219238,False,allenai/OLMo-7B-0424-hf
33,He filled a bucket with,impossible,buildings.,4,Ġwith,-0.5630149841308594,False,allenai/OLMo-7B-0424-hf
33,He filled a bucket with,impossible,buildings.,5,Ġbuildings,-13.365849494934082,True,allenai/OLMo-7B-0424-hf
33,He filled a bucket with,impossible,buildings.,6,.,-2.524045944213867,True,allenai/OLMo-7B-0424-hf
33,He filled a bucket with,inconceivable,time.,0,He,0.0,False,allenai/OLMo-7B-0424-hf
33,He filled a bucket with,inconceivable,time.,1,Ġfilled,-8.665037155151367,False,allenai/OLMo-7B-0424-hf
33,He filled a bucket with,inconceivable,time.,2,Ġa,-2.5988054275512695,False,allenai/OLMo-7B-0424-hf
33,He filled a bucket with,inconceivable,time.,3,Ġbucket,-4.332806587219238,False,allenai/OLMo-7B-0424-hf
33,He filled a bucket with,inconceivable,time.,4,Ġwith,-0.5630149841308594,False,allenai/OLMo-7B-0424-hf
33,He filled a bucket with,inconceivable,time.,5,Ġtime,-10.53661823272705,True,allenai/OLMo-7B-0424-hf
33,He filled a bucket with,inconceivable,time.,6,.,-2.0665388107299805,True,allenai/OLMo-7B-0424-hf
33,He filled a bucket with,inconceivable_syntactic,up.,0,He,0.0,False,allenai/OLMo-7B-0424-hf
33,He filled a bucket with,inconceivable_syntactic,up.,1,Ġfilled,-8.665037155151367,False,allenai/OLMo-7B-0424-hf
33,He filled a bucket with,inconceivable_syntactic,up.,2,Ġa,-2.5988054275512695,False,allenai/OLMo-7B-0424-hf
33,He filled a bucket with,inconceivable_syntactic,up.,3,Ġbucket,-4.332806587219238,False,allenai/OLMo-7B-0424-hf
33,He filled a bucket with,inconceivable_syntactic,up.,4,Ġwith,-0.5630149841308594,False,allenai/OLMo-7B-0424-hf
33,He filled a bucket with,inconceivable_syntactic,up.,5,Ġup,-9.14862060546875,True,allenai/OLMo-7B-0424-hf
33,He filled a bucket with,inconceivable_syntactic,up.,6,.,-6.447700500488281,True,allenai/OLMo-7B-0424-hf
34,He filled a purse with,probable,coins.,0,He,0.0,False,allenai/OLMo-7B-0424-hf
34,He filled a purse with,probable,coins.,1,Ġfilled,-8.665037155151367,False,allenai/OLMo-7B-0424-hf
34,He filled a purse with,probable,coins.,2,Ġa,-2.5988054275512695,False,allenai/OLMo-7B-0424-hf
34,He filled a purse with,probable,coins.,3,Ġpurse,-9.65499496459961,False,allenai/OLMo-7B-0424-hf
34,He filled a purse with,probable,coins.,4,Ġwith,-0.6890058517456055,False,allenai/OLMo-7B-0424-hf
34,He filled a purse with,probable,coins.,5,Ġcoins,-3.23195743560791,True,allenai/OLMo-7B-0424-hf
34,He filled a purse with,probable,coins.,6,.,-2.3746089935302734,True,allenai/OLMo-7B-0424-hf
34,He filled a purse with,improbable,cream.,0,He,0.0,False,allenai/OLMo-7B-0424-hf
34,He filled a purse with,improbable,cream.,1,Ġfilled,-8.665037155151367,False,allenai/OLMo-7B-0424-hf
34,He filled a purse with,improbable,cream.,2,Ġa,-2.5988054275512695,False,allenai/OLMo-7B-0424-hf
34,He filled a purse with,improbable,cream.,3,Ġpurse,-9.65499496459961,False,allenai/OLMo-7B-0424-hf
34,He filled a purse with,improbable,cream.,4,Ġwith,-0.6890058517456055,False,allenai/OLMo-7B-0424-hf
34,He filled a purse with,improbable,cream.,5,Ġcream,-9.051961898803711,True,allenai/OLMo-7B-0424-hf
34,He filled a purse with,improbable,cream.,6,.,-3.0089893341064453,True,allenai/OLMo-7B-0424-hf
34,He filled a purse with,impossible,sofas.,0,He,0.0,False,allenai/OLMo-7B-0424-hf
34,He filled a purse with,impossible,sofas.,1,Ġfilled,-8.6650390625,False,allenai/OLMo-7B-0424-hf
34,He filled a purse with,impossible,sofas.,2,Ġa,-2.5988006591796875,False,allenai/OLMo-7B-0424-hf
34,He filled a purse with,impossible,sofas.,3,Ġpurse,-9.654996871948242,False,allenai/OLMo-7B-0424-hf
34,He filled a purse with,impossible,sofas.,4,Ġwith,-0.6890048980712891,False,allenai/OLMo-7B-0424-hf
34,He filled a purse with,impossible,sofas.,5,Ġso,-7.947010040283203,True,allenai/OLMo-7B-0424-hf
34,He filled a purse with,impossible,sofas.,6,f,-6.053867340087891,True,allenai/OLMo-7B-0424-hf
34,He filled a purse with,impossible,sofas.,7,as,-0.6551055908203125,True,allenai/OLMo-7B-0424-hf
34,He filled a purse with,impossible,sofas.,8,.,-2.35076904296875,True,allenai/OLMo-7B-0424-hf
34,He filled a purse with,inconceivable,luck.,0,He,0.0,False,allenai/OLMo-7B-0424-hf
34,He filled a purse with,inconceivable,luck.,1,Ġfilled,-8.665037155151367,False,allenai/OLMo-7B-0424-hf
34,He filled a purse with,inconceivable,luck.,2,Ġa,-2.5988054275512695,False,allenai/OLMo-7B-0424-hf
34,He filled a purse with,inconceivable,luck.,3,Ġpurse,-9.65499496459961,False,allenai/OLMo-7B-0424-hf
34,He filled a purse with,inconceivable,luck.,4,Ġwith,-0.6890058517456055,False,allenai/OLMo-7B-0424-hf
34,He filled a purse with,inconceivable,luck.,5,Ġluck,-10.721847534179688,True,allenai/OLMo-7B-0424-hf
34,He filled a purse with,inconceivable,luck.,6,.,-2.219111442565918,True,allenai/OLMo-7B-0424-hf
34,He filled a purse with,inconceivable_syntactic,nor.,0,He,0.0,False,allenai/OLMo-7B-0424-hf
34,He filled a purse with,inconceivable_syntactic,nor.,1,Ġfilled,-8.665037155151367,False,allenai/OLMo-7B-0424-hf
34,He filled a purse with,inconceivable_syntactic,nor.,2,Ġa,-2.5988054275512695,False,allenai/OLMo-7B-0424-hf
34,He filled a purse with,inconceivable_syntactic,nor.,3,Ġpurse,-9.65499496459961,False,allenai/OLMo-7B-0424-hf
34,He filled a purse with,inconceivable_syntactic,nor.,4,Ġwith,-0.6890058517456055,False,allenai/OLMo-7B-0424-hf
34,He filled a purse with,inconceivable_syntactic,nor.,5,Ġnor,-12.946712493896484,True,allenai/OLMo-7B-0424-hf
34,He filled a purse with,inconceivable_syntactic,nor.,6,.,-5.65701961517334,True,allenai/OLMo-7B-0424-hf
35,He grew flowers inside,probable,a pot.,0,He,0.0,False,allenai/OLMo-7B-0424-hf
35,He grew flowers inside,probable,a pot.,1,Ġgrew,-7.891486644744873,False,allenai/OLMo-7B-0424-hf
35,He grew flowers inside,probable,a pot.,2,Ġflowers,-9.377401351928711,False,allenai/OLMo-7B-0424-hf
35,He grew flowers inside,probable,a pot.,3,Ġinside,-6.92500114440918,False,allenai/OLMo-7B-0424-hf
35,He grew flowers inside,probable,a pot.,4,Ġa,-2.536210060119629,True,allenai/OLMo-7B-0424-hf
35,He grew flowers inside,probable,a pot.,5,Ġpot,-5.977780342102051,True,allenai/OLMo-7B-0424-hf
35,He grew flowers inside,probable,a pot.,6,.,-1.9391117095947266,True,allenai/OLMo-7B-0424-hf
35,He grew flowers inside,improbable,a mug.,0,He,0.0,False,allenai/OLMo-7B-0424-hf
35,He grew flowers inside,improbable,a mug.,1,Ġgrew,-7.891486644744873,False,allenai/OLMo-7B-0424-hf
35,He grew flowers inside,improbable,a mug.,2,Ġflowers,-9.377401351928711,False,allenai/OLMo-7B-0424-hf
35,He grew flowers inside,improbable,a mug.,3,Ġinside,-6.92500114440918,False,allenai/OLMo-7B-0424-hf
35,He grew flowers inside,improbable,a mug.,4,Ġa,-2.536210060119629,True,allenai/OLMo-7B-0424-hf
35,He grew flowers inside,improbable,a mug.,5,Ġmug,-9.25754165649414,True,allenai/OLMo-7B-0424-hf
35,He grew flowers inside,improbable,a mug.,6,.,-1.8311052322387695,True,allenai/OLMo-7B-0424-hf
35,He grew flowers inside,impossible,a marble.,0,He,0.0,False,allenai/OLMo-7B-0424-hf
35,He grew flowers inside,impossible,a marble.,1,Ġgrew,-7.891486644744873,False,allenai/OLMo-7B-0424-hf
35,He grew flowers inside,impossible,a marble.,2,Ġflowers,-9.377401351928711,False,allenai/OLMo-7B-0424-hf
35,He grew flowers inside,impossible,a marble.,3,Ġinside,-6.92500114440918,False,allenai/OLMo-7B-0424-hf
35,He grew flowers inside,impossible,a marble.,4,Ġa,-2.536210060119629,True,allenai/OLMo-7B-0424-hf
35,He grew flowers inside,impossible,a marble.,5,Ġmarble,-9.211465835571289,True,allenai/OLMo-7B-0424-hf
35,He grew flowers inside,impossible,a marble.,6,.,-4.965071678161621,True,allenai/OLMo-7B-0424-hf
35,He grew flowers inside,inconceivable,a sneeze.,0,He,0.0,False,allenai/OLMo-7B-0424-hf
35,He grew flowers inside,inconceivable,a sneeze.,1,Ġgrew,-7.8914971351623535,False,allenai/OLMo-7B-0424-hf
35,He grew flowers inside,inconceivable,a sneeze.,2,Ġflowers,-9.377397537231445,False,allenai/OLMo-7B-0424-hf
35,He grew flowers inside,inconceivable,a sneeze.,3,Ġinside,-6.92500114440918,False,allenai/OLMo-7B-0424-hf
35,He grew flowers inside,inconceivable,a sneeze.,4,Ġa,-2.5362157821655273,True,allenai/OLMo-7B-0424-hf
35,He grew flowers inside,inconceivable,a sneeze.,5,Ġsne,-10.969228744506836,True,allenai/OLMo-7B-0424-hf
35,He grew flowers inside,inconceivable,a sneeze.,6,e,-2.388956069946289,True,allenai/OLMo-7B-0424-hf
35,He grew flowers inside,inconceivable,a sneeze.,7,ze,-0.11013031005859375,True,allenai/OLMo-7B-0424-hf
35,He grew flowers inside,inconceivable,a sneeze.,8,.,-1.7053251266479492,True,allenai/OLMo-7B-0424-hf
35,He grew flowers inside,inconceivable_syntactic,been.,0,He,0.0,False,allenai/OLMo-7B-0424-hf
35,He grew flowers inside,inconceivable_syntactic,been.,1,Ġgrew,-7.891489505767822,False,allenai/OLMo-7B-0424-hf
35,He grew flowers inside,inconceivable_syntactic,been.,2,Ġflowers,-9.377399444580078,False,allenai/OLMo-7B-0424-hf
35,He grew flowers inside,inconceivable_syntactic,been.,3,Ġinside,-6.92500114440918,False,allenai/OLMo-7B-0424-hf
35,He grew flowers inside,inconceivable_syntactic,been.,4,Ġbeen,-13.787198066711426,True,allenai/OLMo-7B-0424-hf
35,He grew flowers inside,inconceivable_syntactic,been.,5,.,-5.416582107543945,True,allenai/OLMo-7B-0424-hf
36,He hung a painting using,probable,screws.,0,He,0.0,False,allenai/OLMo-7B-0424-hf
36,He hung a painting using,probable,screws.,1,Ġhung,-9.864234924316406,False,allenai/OLMo-7B-0424-hf
36,He hung a painting using,probable,screws.,2,Ġa,-3.842127799987793,False,allenai/OLMo-7B-0424-hf
36,He hung a painting using,probable,screws.,3,Ġpainting,-6.068536758422852,False,allenai/OLMo-7B-0424-hf
36,He hung a painting using,probable,screws.,4,Ġusing,-7.913464546203613,False,allenai/OLMo-7B-0424-hf
36,He hung a painting using,probable,screws.,5,Ġscrews,-5.563690185546875,True,allenai/OLMo-7B-0424-hf
36,He hung a painting using,probable,screws.,6,.,-1.990492820739746,True,allenai/OLMo-7B-0424-hf
36,He hung a painting using,improbable,string.,0,He,0.0,False,allenai/OLMo-7B-0424-hf
36,He hung a painting using,improbable,string.,1,Ġhung,-9.864234924316406,False,allenai/OLMo-7B-0424-hf
36,He hung a painting using,improbable,string.,2,Ġa,-3.842127799987793,False,allenai/OLMo-7B-0424-hf
36,He hung a painting using,improbable,string.,3,Ġpainting,-6.068536758422852,False,allenai/OLMo-7B-0424-hf
36,He hung a painting using,improbable,string.,4,Ġusing,-7.913464546203613,False,allenai/OLMo-7B-0424-hf
36,He hung a painting using,improbable,string.,5,Ġstring,-5.900426864624023,True,allenai/OLMo-7B-0424-hf
36,He hung a painting using,improbable,string.,6,.,-2.091914176940918,True,allenai/OLMo-7B-0424-hf
36,He hung a painting using,impossible,vapor.,0,He,0.0,False,allenai/OLMo-7B-0424-hf
36,He hung a painting using,impossible,vapor.,1,Ġhung,-9.864234924316406,False,allenai/OLMo-7B-0424-hf
36,He hung a painting using,impossible,vapor.,2,Ġa,-3.842127799987793,False,allenai/OLMo-7B-0424-hf
36,He hung a painting using,impossible,vapor.,3,Ġpainting,-6.068536758422852,False,allenai/OLMo-7B-0424-hf
36,He hung a painting using,impossible,vapor.,4,Ġusing,-7.913464546203613,False,allenai/OLMo-7B-0424-hf
36,He hung a painting using,impossible,vapor.,5,Ġvapor,-13.097875595092773,True,allenai/OLMo-7B-0424-hf
36,He hung a painting using,impossible,vapor.,6,.,-4.6517181396484375,True,allenai/OLMo-7B-0424-hf
36,He hung a painting using,inconceivable,a handshake.,0,He,0.0,False,allenai/OLMo-7B-0424-hf
36,He hung a painting using,inconceivable,a handshake.,1,Ġhung,-9.86424446105957,False,allenai/OLMo-7B-0424-hf
36,He hung a painting using,inconceivable,a handshake.,2,Ġa,-3.8421287536621094,False,allenai/OLMo-7B-0424-hf
36,He hung a painting using,inconceivable,a handshake.,3,Ġpainting,-6.068536758422852,False,allenai/OLMo-7B-0424-hf
36,He hung a painting using,inconceivable,a handshake.,4,Ġusing,-7.913463592529297,False,allenai/OLMo-7B-0424-hf
36,He hung a painting using,inconceivable,a handshake.,5,Ġa,-1.2241697311401367,True,allenai/OLMo-7B-0424-hf
36,He hung a painting using,inconceivable,a handshake.,6,Ġhand,-5.8155059814453125,True,allenai/OLMo-7B-0424-hf
36,He hung a painting using,inconceivable,a handshake.,7,shake,-6.017641067504883,True,allenai/OLMo-7B-0424-hf
36,He hung a painting using,inconceivable,a handshake.,8,.,-1.4026689529418945,True,allenai/OLMo-7B-0424-hf
36,He hung a painting using,inconceivable_syntactic,could.,0,He,0.0,False,allenai/OLMo-7B-0424-hf
36,He hung a painting using,inconceivable_syntactic,could.,1,Ġhung,-9.864234924316406,False,allenai/OLMo-7B-0424-hf
36,He hung a painting using,inconceivable_syntactic,could.,2,Ġa,-3.842127799987793,False,allenai/OLMo-7B-0424-hf
36,He hung a painting using,inconceivable_syntactic,could.,3,Ġpainting,-6.068536758422852,False,allenai/OLMo-7B-0424-hf
36,He hung a painting using,inconceivable_syntactic,could.,4,Ġusing,-7.913464546203613,False,allenai/OLMo-7B-0424-hf
36,He hung a painting using,inconceivable_syntactic,could.,5,Ġcould,-12.980055809020996,True,allenai/OLMo-7B-0424-hf
36,He hung a painting using,inconceivable_syntactic,could.,6,.,-4.157811164855957,True,allenai/OLMo-7B-0424-hf
37,He hid a gift inside,probable,a closet.,0,He,0.0,False,allenai/OLMo-7B-0424-hf
37,He hid a gift inside,probable,a closet.,1,Ġhid,-11.366294860839844,False,allenai/OLMo-7B-0424-hf
37,He hid a gift inside,probable,a closet.,2,Ġa,-3.1984453201293945,False,allenai/OLMo-7B-0424-hf
37,He hid a gift inside,probable,a closet.,3,Ġgift,-7.896512508392334,False,allenai/OLMo-7B-0424-hf
37,He hid a gift inside,probable,a closet.,4,Ġinside,-3.8116140365600586,False,allenai/OLMo-7B-0424-hf
37,He hid a gift inside,probable,a closet.,5,Ġa,-1.6115427017211914,True,allenai/OLMo-7B-0424-hf
37,He hid a gift inside,probable,a closet.,6,Ġcloset,-6.965131759643555,True,allenai/OLMo-7B-0424-hf
37,He hid a gift inside,probable,a closet.,7,.,-1.6737909317016602,True,allenai/OLMo-7B-0424-hf
37,He hid a gift inside,improbable,a forest.,0,He,0.0,False,allenai/OLMo-7B-0424-hf
37,He hid a gift inside,improbable,a forest.,1,Ġhid,-11.366294860839844,False,allenai/OLMo-7B-0424-hf
37,He hid a gift inside,improbable,a forest.,2,Ġa,-3.1984453201293945,False,allenai/OLMo-7B-0424-hf
37,He hid a gift inside,improbable,a forest.,3,Ġgift,-7.896512508392334,False,allenai/OLMo-7B-0424-hf
37,He hid a gift inside,improbable,a forest.,4,Ġinside,-3.8116140365600586,False,allenai/OLMo-7B-0424-hf
37,He hid a gift inside,improbable,a forest.,5,Ġa,-1.6115427017211914,True,allenai/OLMo-7B-0424-hf
37,He hid a gift inside,improbable,a forest.,6,Ġforest,-9.236443519592285,True,allenai/OLMo-7B-0424-hf
37,He hid a gift inside,improbable,a forest.,7,.,-1.9473075866699219,True,allenai/OLMo-7B-0424-hf
37,He hid a gift inside,impossible,a cloud.,0,He,0.0,False,allenai/OLMo-7B-0424-hf
37,He hid a gift inside,impossible,a cloud.,1,Ġhid,-11.366294860839844,False,allenai/OLMo-7B-0424-hf
37,He hid a gift inside,impossible,a cloud.,2,Ġa,-3.1984453201293945,False,allenai/OLMo-7B-0424-hf
37,He hid a gift inside,impossible,a cloud.,3,Ġgift,-7.896512508392334,False,allenai/OLMo-7B-0424-hf
37,He hid a gift inside,impossible,a cloud.,4,Ġinside,-3.8116140365600586,False,allenai/OLMo-7B-0424-hf
37,He hid a gift inside,impossible,a cloud.,5,Ġa,-1.6115427017211914,True,allenai/OLMo-7B-0424-hf
37,He hid a gift inside,impossible,a cloud.,6,Ġcloud,-8.070488929748535,True,allenai/OLMo-7B-0424-hf
37,He hid a gift inside,impossible,a cloud.,7,.,-1.7641181945800781,True,allenai/OLMo-7B-0424-hf
37,He hid a gift inside,inconceivable,a gasp.,0,He,0.0,False,allenai/OLMo-7B-0424-hf
37,He hid a gift inside,inconceivable,a gasp.,1,Ġhid,-11.36629867553711,False,allenai/OLMo-7B-0424-hf
37,He hid a gift inside,inconceivable,a gasp.,2,Ġa,-3.1984434127807617,False,allenai/OLMo-7B-0424-hf
37,He hid a gift inside,inconceivable,a gasp.,3,Ġgift,-7.896509170532227,False,allenai/OLMo-7B-0424-hf
37,He hid a gift inside,inconceivable,a gasp.,4,Ġinside,-3.8116073608398438,False,allenai/OLMo-7B-0424-hf
37,He hid a gift inside,inconceivable,a gasp.,5,Ġa,-1.6115427017211914,True,allenai/OLMo-7B-0424-hf
37,He hid a gift inside,inconceivable,a gasp.,6,Ġgas,-9.540761947631836,True,allenai/OLMo-7B-0424-hf
37,He hid a gift inside,inconceivable,a gasp.,7,p,-5.068264007568359,True,allenai/OLMo-7B-0424-hf
37,He hid a gift inside,inconceivable,a gasp.,8,.,-2.6008729934692383,True,allenai/OLMo-7B-0424-hf
37,He hid a gift inside,inconceivable_syntactic,find.,0,He,0.0,False,allenai/OLMo-7B-0424-hf
37,He hid a gift inside,inconceivable_syntactic,find.,1,Ġhid,-11.366294860839844,False,allenai/OLMo-7B-0424-hf
37,He hid a gift inside,inconceivable_syntactic,find.,2,Ġa,-3.198444366455078,False,allenai/OLMo-7B-0424-hf
37,He hid a gift inside,inconceivable_syntactic,find.,3,Ġgift,-7.896507740020752,False,allenai/OLMo-7B-0424-hf
37,He hid a gift inside,inconceivable_syntactic,find.,4,Ġinside,-3.8116111755371094,False,allenai/OLMo-7B-0424-hf
37,He hid a gift inside,inconceivable_syntactic,find.,5,Ġfind,-14.48678970336914,True,allenai/OLMo-7B-0424-hf
37,He hid a gift inside,inconceivable_syntactic,find.,6,.,-4.541505813598633,True,allenai/OLMo-7B-0424-hf
38,He lifted a box using,probable,a forklift.,0,He,0.0,False,allenai/OLMo-7B-0424-hf
38,He lifted a box using,probable,a forklift.,1,Ġlifted,-9.080488204956055,False,allenai/OLMo-7B-0424-hf
38,He lifted a box using,probable,a forklift.,2,Ġa,-2.775667190551758,False,allenai/OLMo-7B-0424-hf
38,He lifted a box using,probable,a forklift.,3,Ġbox,-6.325763702392578,False,allenai/OLMo-7B-0424-hf
38,He lifted a box using,probable,a forklift.,4,Ġusing,-8.951960563659668,False,allenai/OLMo-7B-0424-hf
38,He lifted a box using,probable,a forklift.,5,Ġa,-1.3999605178833008,True,allenai/OLMo-7B-0424-hf
38,He lifted a box using,probable,a forklift.,6,Ġfor,-1.7714672088623047,True,allenai/OLMo-7B-0424-hf
38,He lifted a box using,probable,a forklift.,7,kl,-0.006832122802734375,True,allenai/OLMo-7B-0424-hf
38,He lifted a box using,probable,a forklift.,8,ift,-6.29425048828125e-05,True,allenai/OLMo-7B-0424-hf
38,He lifted a box using,probable,a forklift.,9,.,-1.3400497436523438,True,allenai/OLMo-7B-0424-hf
38,He lifted a box using,improbable,a pulley.,0,He,0.0,False,allenai/OLMo-7B-0424-hf
38,He lifted a box using,improbable,a pulley.,1,Ġlifted,-9.080488204956055,False,allenai/OLMo-7B-0424-hf
38,He lifted a box using,improbable,a pulley.,2,Ġa,-2.775667190551758,False,allenai/OLMo-7B-0424-hf
38,He lifted a box using,improbable,a pulley.,3,Ġbox,-6.325763702392578,False,allenai/OLMo-7B-0424-hf
38,He lifted a box using,improbable,a pulley.,4,Ġusing,-8.951960563659668,False,allenai/OLMo-7B-0424-hf
38,He lifted a box using,improbable,a pulley.,5,Ġa,-1.3999605178833008,True,allenai/OLMo-7B-0424-hf
38,He lifted a box using,improbable,a pulley.,6,Ġpul,-4.069706916809082,True,allenai/OLMo-7B-0424-hf
38,He lifted a box using,improbable,a pulley.,7,ley,-0.01078033447265625,True,allenai/OLMo-7B-0424-hf
38,He lifted a box using,improbable,a pulley.,8,.,-1.6517925262451172,True,allenai/OLMo-7B-0424-hf
38,He lifted a box using,impossible,foam.,0,He,0.0,False,allenai/OLMo-7B-0424-hf
38,He lifted a box using,impossible,foam.,1,Ġlifted,-9.080484390258789,False,allenai/OLMo-7B-0424-hf
38,He lifted a box using,impossible,foam.,2,Ġa,-2.7756662368774414,False,allenai/OLMo-7B-0424-hf
38,He lifted a box using,impossible,foam.,3,Ġbox,-6.325763702392578,False,allenai/OLMo-7B-0424-hf
38,He lifted a box using,impossible,foam.,4,Ġusing,-8.951957702636719,False,allenai/OLMo-7B-0424-hf
38,He lifted a box using,impossible,foam.,5,Ġfoam,-9.6060791015625,True,allenai/OLMo-7B-0424-hf
38,He lifted a box using,impossible,foam.,6,.,-2.9996566772460938,True,allenai/OLMo-7B-0424-hf
38,He lifted a box using,inconceivable,an emotion.,0,He,0.0,False,allenai/OLMo-7B-0424-hf
38,He lifted a box using,inconceivable,an emotion.,1,Ġlifted,-9.080484390258789,False,allenai/OLMo-7B-0424-hf
38,He lifted a box using,inconceivable,an emotion.,2,Ġa,-2.775665283203125,False,allenai/OLMo-7B-0424-hf
38,He lifted a box using,inconceivable,an emotion.,3,Ġbox,-6.325762748718262,False,allenai/OLMo-7B-0424-hf
38,He lifted a box using,inconceivable,an emotion.,4,Ġusing,-8.951952934265137,False,allenai/OLMo-7B-0424-hf
38,He lifted a box using,inconceivable,an emotion.,5,Ġan,-3.895275115966797,True,allenai/OLMo-7B-0424-hf
38,He lifted a box using,inconceivable,an emotion.,6,Ġemotion,-9.889248847961426,True,allenai/OLMo-7B-0424-hf
38,He lifted a box using,inconceivable,an emotion.,7,.,-2.7401866912841797,True,allenai/OLMo-7B-0424-hf
38,He lifted a box using,inconceivable_syntactic,very.,0,He,0.0,False,allenai/OLMo-7B-0424-hf
38,He lifted a box using,inconceivable_syntactic,very.,1,Ġlifted,-9.080484390258789,False,allenai/OLMo-7B-0424-hf
38,He lifted a box using,inconceivable_syntactic,very.,2,Ġa,-2.7756662368774414,False,allenai/OLMo-7B-0424-hf
38,He lifted a box using,inconceivable_syntactic,very.,3,Ġbox,-6.325763702392578,False,allenai/OLMo-7B-0424-hf
38,He lifted a box using,inconceivable_syntactic,very.,4,Ġusing,-8.951957702636719,False,allenai/OLMo-7B-0424-hf
38,He lifted a box using,inconceivable_syntactic,very.,5,Ġvery,-7.5429487228393555,True,allenai/OLMo-7B-0424-hf
38,He lifted a box using,inconceivable_syntactic,very.,6,.,-8.23929500579834,True,allenai/OLMo-7B-0424-hf
39,He lit a candle using,probable,a match.,0,He,0.0,False,allenai/OLMo-7B-0424-hf
39,He lit a candle using,probable,a match.,1,Ġlit,-11.19310188293457,False,allenai/OLMo-7B-0424-hf
39,He lit a candle using,probable,a match.,2,Ġa,-1.4195442199707031,False,allenai/OLMo-7B-0424-hf
39,He lit a candle using,probable,a match.,3,Ġcandle,-2.3388280868530273,False,allenai/OLMo-7B-0424-hf
39,He lit a candle using,probable,a match.,4,Ġusing,-8.09778118133545,False,allenai/OLMo-7B-0424-hf
39,He lit a candle using,probable,a match.,5,Ġa,-1.1167802810668945,True,allenai/OLMo-7B-0424-hf
39,He lit a candle using,probable,a match.,6,Ġmatch,-1.8186702728271484,True,allenai/OLMo-7B-0424-hf
39,He lit a candle using,probable,a match.,7,.,-1.728973388671875,True,allenai/OLMo-7B-0424-hf
39,He lit a candle using,improbable,a blowtorch.,0,He,0.0,False,allenai/OLMo-7B-0424-hf
39,He lit a candle using,improbable,a blowtorch.,1,Ġlit,-11.193098068237305,False,allenai/OLMo-7B-0424-hf
39,He lit a candle using,improbable,a blowtorch.,2,Ġa,-1.4195384979248047,False,allenai/OLMo-7B-0424-hf
39,He lit a candle using,improbable,a blowtorch.,3,Ġcandle,-2.3388328552246094,False,allenai/OLMo-7B-0424-hf
39,He lit a candle using,improbable,a blowtorch.,4,Ġusing,-8.097796440124512,False,allenai/OLMo-7B-0424-hf
39,He lit a candle using,improbable,a blowtorch.,5,Ġa,-1.116781234741211,True,allenai/OLMo-7B-0424-hf
39,He lit a candle using,improbable,a blowtorch.,6,Ġblow,-4.783002853393555,True,allenai/OLMo-7B-0424-hf
39,He lit a candle using,improbable,a blowtorch.,7,tor,-0.41872596740722656,True,allenai/OLMo-7B-0424-hf
39,He lit a candle using,improbable,a blowtorch.,8,ch,-0.003025054931640625,True,allenai/OLMo-7B-0424-hf
39,He lit a candle using,improbable,a blowtorch.,9,.,-1.4778461456298828,True,allenai/OLMo-7B-0424-hf
39,He lit a candle using,impossible,yogurt.,0,He,0.0,False,allenai/OLMo-7B-0424-hf
39,He lit a candle using,impossible,yogurt.,1,Ġlit,-11.19310188293457,False,allenai/OLMo-7B-0424-hf
39,He lit a candle using,impossible,yogurt.,2,Ġa,-1.4195404052734375,False,allenai/OLMo-7B-0424-hf
39,He lit a candle using,impossible,yogurt.,3,Ġcandle,-2.338834762573242,False,allenai/OLMo-7B-0424-hf
39,He lit a candle using,impossible,yogurt.,4,Ġusing,-8.09779167175293,False,allenai/OLMo-7B-0424-hf
39,He lit a candle using,impossible,yogurt.,5,Ġyogurt,-12.535171508789062,True,allenai/OLMo-7B-0424-hf
39,He lit a candle using,impossible,yogurt.,6,.,-2.0547008514404297,True,allenai/OLMo-7B-0424-hf
39,He lit a candle using,inconceivable,surprises.,0,He,0.0,False,allenai/OLMo-7B-0424-hf
39,He lit a candle using,inconceivable,surprises.,1,Ġlit,-11.19310188293457,False,allenai/OLMo-7B-0424-hf
39,He lit a candle using,inconceivable,surprises.,2,Ġa,-1.4195404052734375,False,allenai/OLMo-7B-0424-hf
39,He lit a candle using,inconceivable,surprises.,3,Ġcandle,-2.338834762573242,False,allenai/OLMo-7B-0424-hf
39,He lit a candle using,inconceivable,surprises.,4,Ġusing,-8.09779167175293,False,allenai/OLMo-7B-0424-hf
39,He lit a candle using,inconceivable,surprises.,5,Ġsurprises,-15.566972732543945,True,allenai/OLMo-7B-0424-hf
39,He lit a candle using,inconceivable,surprises.,6,.,-2.1387033462524414,True,allenai/OLMo-7B-0424-hf
39,He lit a candle using,inconceivable_syntactic,does.,0,He,0.0,False,allenai/OLMo-7B-0424-hf
39,He lit a candle using,inconceivable_syntactic,does.,1,Ġlit,-11.19310188293457,False,allenai/OLMo-7B-0424-hf
39,He lit a candle using,inconceivable_syntactic,does.,2,Ġa,-1.4195404052734375,False,allenai/OLMo-7B-0424-hf
39,He lit a candle using,inconceivable_syntactic,does.,3,Ġcandle,-2.338834762573242,False,allenai/OLMo-7B-0424-hf
39,He lit a candle using,inconceivable_syntactic,does.,4,Ġusing,-8.09779167175293,False,allenai/OLMo-7B-0424-hf
39,He lit a candle using,inconceivable_syntactic,does.,5,Ġdoes,-12.459211349487305,True,allenai/OLMo-7B-0424-hf
39,He lit a candle using,inconceivable_syntactic,does.,6,.,-4.293439865112305,True,allenai/OLMo-7B-0424-hf
40,He made a sandwich using,probable,bread.,0,He,0.0,False,allenai/OLMo-7B-0424-hf
40,He made a sandwich using,probable,bread.,1,Ġmade,-5.369412422180176,False,allenai/OLMo-7B-0424-hf
40,He made a sandwich using,probable,bread.,2,Ġa,-1.6726608276367188,False,allenai/OLMo-7B-0424-hf
40,He made a sandwich using,probable,bread.,3,Ġsandwich,-8.74454116821289,False,allenai/OLMo-7B-0424-hf
40,He made a sandwich using,probable,bread.,4,Ġusing,-5.20943546295166,False,allenai/OLMo-7B-0424-hf
40,He made a sandwich using,probable,bread.,5,Ġbread,-3.9079389572143555,True,allenai/OLMo-7B-0424-hf
40,He made a sandwich using,probable,bread.,6,.,-4.277448654174805,True,allenai/OLMo-7B-0424-hf
40,He made a sandwich using,improbable,lettuce.,0,He,0.0,False,allenai/OLMo-7B-0424-hf
40,He made a sandwich using,improbable,lettuce.,1,Ġmade,-5.369412422180176,False,allenai/OLMo-7B-0424-hf
40,He made a sandwich using,improbable,lettuce.,2,Ġa,-1.6726608276367188,False,allenai/OLMo-7B-0424-hf
40,He made a sandwich using,improbable,lettuce.,3,Ġsandwich,-8.74454116821289,False,allenai/OLMo-7B-0424-hf
40,He made a sandwich using,improbable,lettuce.,4,Ġusing,-5.20943546295166,False,allenai/OLMo-7B-0424-hf
40,He made a sandwich using,improbable,lettuce.,5,Ġlettuce,-5.425040245056152,True,allenai/OLMo-7B-0424-hf
40,He made a sandwich using,improbable,lettuce.,6,.,-4.307377815246582,True,allenai/OLMo-7B-0424-hf
40,He made a sandwich using,impossible,a star.,0,He,0.0,False,allenai/OLMo-7B-0424-hf
40,He made a sandwich using,impossible,a star.,1,Ġmade,-5.369414329528809,False,allenai/OLMo-7B-0424-hf
40,He made a sandwich using,impossible,a star.,2,Ġa,-1.6726551055908203,False,allenai/OLMo-7B-0424-hf
40,He made a sandwich using,impossible,a star.,3,Ġsandwich,-8.744549751281738,False,allenai/OLMo-7B-0424-hf
40,He made a sandwich using,impossible,a star.,4,Ġusing,-5.209436416625977,False,allenai/OLMo-7B-0424-hf
40,He made a sandwich using,impossible,a star.,5,Ġa,-2.178050994873047,True,allenai/OLMo-7B-0424-hf
40,He made a sandwich using,impossible,a star.,6,Ġstar,-8.753376007080078,True,allenai/OLMo-7B-0424-hf
40,He made a sandwich using,impossible,a star.,7,.,-4.651459693908691,True,allenai/OLMo-7B-0424-hf
40,He made a sandwich using,inconceivable,a mile.,0,He,0.0,False,allenai/OLMo-7B-0424-hf
40,He made a sandwich using,inconceivable,a mile.,1,Ġmade,-5.369414329528809,False,allenai/OLMo-7B-0424-hf
40,He made a sandwich using,inconceivable,a mile.,2,Ġa,-1.6726551055908203,False,allenai/OLMo-7B-0424-hf
40,He made a sandwich using,inconceivable,a mile.,3,Ġsandwich,-8.744549751281738,False,allenai/OLMo-7B-0424-hf
40,He made a sandwich using,inconceivable,a mile.,4,Ġusing,-5.209436416625977,False,allenai/OLMo-7B-0424-hf
40,He made a sandwich using,inconceivable,a mile.,5,Ġa,-2.178050994873047,True,allenai/OLMo-7B-0424-hf
40,He made a sandwich using,inconceivable,a mile.,6,Ġmile,-11.375195503234863,True,allenai/OLMo-7B-0424-hf
40,He made a sandwich using,inconceivable,a mile.,7,.,-5.48237419128418,True,allenai/OLMo-7B-0424-hf
40,He made a sandwich using,inconceivable_syntactic,went.,0,He,0.0,False,allenai/OLMo-7B-0424-hf
40,He made a sandwich using,inconceivable_syntactic,went.,1,Ġmade,-5.369412422180176,False,allenai/OLMo-7B-0424-hf
40,He made a sandwich using,inconceivable_syntactic,went.,2,Ġa,-1.6726608276367188,False,allenai/OLMo-7B-0424-hf
40,He made a sandwich using,inconceivable_syntactic,went.,3,Ġsandwich,-8.74454116821289,False,allenai/OLMo-7B-0424-hf
40,He made a sandwich using,inconceivable_syntactic,went.,4,Ġusing,-5.20943546295166,False,allenai/OLMo-7B-0424-hf
40,He made a sandwich using,inconceivable_syntactic,went.,5,Ġwent,-13.166568756103516,True,allenai/OLMo-7B-0424-hf
40,He made a sandwich using,inconceivable_syntactic,went.,6,.,-4.423046112060547,True,allenai/OLMo-7B-0424-hf
41,He made a smoothie using,probable,a blender.,0,He,0.0,False,allenai/OLMo-7B-0424-hf
41,He made a smoothie using,probable,a blender.,1,Ġmade,-5.369412422180176,False,allenai/OLMo-7B-0424-hf
41,He made a smoothie using,probable,a blender.,2,Ġa,-1.6726608276367188,False,allenai/OLMo-7B-0424-hf
41,He made a smoothie using,probable,a blender.,3,Ġsmooth,-7.261173248291016,False,allenai/OLMo-7B-0424-hf
41,He made a smoothie using,probable,a blender.,4,ie,-3.940563201904297,False,allenai/OLMo-7B-0424-hf
41,He made a smoothie using,probable,a blender.,5,Ġusing,-4.235116958618164,False,allenai/OLMo-7B-0424-hf
41,He made a smoothie using,probable,a blender.,6,Ġa,-2.230282783508301,True,allenai/OLMo-7B-0424-hf
41,He made a smoothie using,probable,a blender.,7,Ġblender,-2.8291587829589844,True,allenai/OLMo-7B-0424-hf
41,He made a smoothie using,probable,a blender.,8,.,-1.7113399505615234,True,allenai/OLMo-7B-0424-hf
41,He made a smoothie using,improbable,a whisk.,0,He,0.0,False,allenai/OLMo-7B-0424-hf
41,He made a smoothie using,improbable,a whisk.,1,Ġmade,-5.369412422180176,False,allenai/OLMo-7B-0424-hf
41,He made a smoothie using,improbable,a whisk.,2,Ġa,-1.6726608276367188,False,allenai/OLMo-7B-0424-hf
41,He made a smoothie using,improbable,a whisk.,3,Ġsmooth,-7.261173248291016,False,allenai/OLMo-7B-0424-hf
41,He made a smoothie using,improbable,a whisk.,4,ie,-3.940563201904297,False,allenai/OLMo-7B-0424-hf
41,He made a smoothie using,improbable,a whisk.,5,Ġusing,-4.235116958618164,False,allenai/OLMo-7B-0424-hf
41,He made a smoothie using,improbable,a whisk.,6,Ġa,-2.230282783508301,True,allenai/OLMo-7B-0424-hf
41,He made a smoothie using,improbable,a whisk.,7,Ġwhisk,-8.367416381835938,True,allenai/OLMo-7B-0424-hf
41,He made a smoothie using,improbable,a whisk.,8,.,-2.623685836791992,True,allenai/OLMo-7B-0424-hf
41,He made a smoothie using,impossible,wind.,0,He,0.0,False,allenai/OLMo-7B-0424-hf
41,He made a smoothie using,impossible,wind.,1,Ġmade,-5.369414329528809,False,allenai/OLMo-7B-0424-hf
41,He made a smoothie using,impossible,wind.,2,Ġa,-1.6726551055908203,False,allenai/OLMo-7B-0424-hf
41,He made a smoothie using,impossible,wind.,3,Ġsmooth,-7.261183738708496,False,allenai/OLMo-7B-0424-hf
41,He made a smoothie using,impossible,wind.,4,ie,-3.940579414367676,False,allenai/OLMo-7B-0424-hf
41,He made a smoothie using,impossible,wind.,5,Ġusing,-4.2351226806640625,False,allenai/OLMo-7B-0424-hf
41,He made a smoothie using,impossible,wind.,6,Ġwind,-12.038101196289062,True,allenai/OLMo-7B-0424-hf
41,He made a smoothie using,impossible,wind.,7,.,-5.060750961303711,True,allenai/OLMo-7B-0424-hf
41,He made a smoothie using,inconceivable,decades.,0,He,0.0,False,allenai/OLMo-7B-0424-hf
41,He made a smoothie using,inconceivable,decades.,1,Ġmade,-5.369414329528809,False,allenai/OLMo-7B-0424-hf
41,He made a smoothie using,inconceivable,decades.,2,Ġa,-1.6726551055908203,False,allenai/OLMo-7B-0424-hf
41,He made a smoothie using,inconceivable,decades.,3,Ġsmooth,-7.261183738708496,False,allenai/OLMo-7B-0424-hf
41,He made a smoothie using,inconceivable,decades.,4,ie,-3.940579414367676,False,allenai/OLMo-7B-0424-hf
41,He made a smoothie using,inconceivable,decades.,5,Ġusing,-4.2351226806640625,False,allenai/OLMo-7B-0424-hf
41,He made a smoothie using,inconceivable,decades.,6,Ġdecades,-14.009186744689941,True,allenai/OLMo-7B-0424-hf
41,He made a smoothie using,inconceivable,decades.,7,.,-6.256191253662109,True,allenai/OLMo-7B-0424-hf
41,He made a smoothie using,inconceivable_syntactic,gave.,0,He,0.0,False,allenai/OLMo-7B-0424-hf
41,He made a smoothie using,inconceivable_syntactic,gave.,1,Ġmade,-5.369414329528809,False,allenai/OLMo-7B-0424-hf
41,He made a smoothie using,inconceivable_syntactic,gave.,2,Ġa,-1.6726551055908203,False,allenai/OLMo-7B-0424-hf
41,He made a smoothie using,inconceivable_syntactic,gave.,3,Ġsmooth,-7.261183738708496,False,allenai/OLMo-7B-0424-hf
41,He made a smoothie using,inconceivable_syntactic,gave.,4,ie,-3.940579414367676,False,allenai/OLMo-7B-0424-hf
41,He made a smoothie using,inconceivable_syntactic,gave.,5,Ġusing,-4.2351226806640625,False,allenai/OLMo-7B-0424-hf
41,He made a smoothie using,inconceivable_syntactic,gave.,6,Ġgave,-15.23673152923584,True,allenai/OLMo-7B-0424-hf
41,He made a smoothie using,inconceivable_syntactic,gave.,7,.,-5.609395980834961,True,allenai/OLMo-7B-0424-hf
42,He melted a chocolate bar using,probable,a stove.,0,He,0.0,False,allenai/OLMo-7B-0424-hf
42,He melted a chocolate bar using,probable,a stove.,1,Ġmelted,-11.143311500549316,False,allenai/OLMo-7B-0424-hf
42,He melted a chocolate bar using,probable,a stove.,2,Ġa,-3.592768669128418,False,allenai/OLMo-7B-0424-hf
42,He melted a chocolate bar using,probable,a stove.,3,Ġchocolate,-5.571026802062988,False,allenai/OLMo-7B-0424-hf
42,He melted a chocolate bar using,probable,a stove.,4,Ġbar,-1.2108964920043945,False,allenai/OLMo-7B-0424-hf
42,He melted a chocolate bar using,probable,a stove.,5,Ġusing,-5.558359146118164,False,allenai/OLMo-7B-0424-hf
42,He melted a chocolate bar using,probable,a stove.,6,Ġa,-1.196120262145996,True,allenai/OLMo-7B-0424-hf
42,He melted a chocolate bar using,probable,a stove.,7,Ġstove,-5.03834342956543,True,allenai/OLMo-7B-0424-hf
42,He melted a chocolate bar using,probable,a stove.,8,.,-1.7645492553710938,True,allenai/OLMo-7B-0424-hf
42,He melted a chocolate bar using,improbable,a radiator.,0,He,0.0,False,allenai/OLMo-7B-0424-hf
42,He melted a chocolate bar using,improbable,a radiator.,1,Ġmelted,-11.143311500549316,False,allenai/OLMo-7B-0424-hf
42,He melted a chocolate bar using,improbable,a radiator.,2,Ġa,-3.592768669128418,False,allenai/OLMo-7B-0424-hf
42,He melted a chocolate bar using,improbable,a radiator.,3,Ġchocolate,-5.571026802062988,False,allenai/OLMo-7B-0424-hf
42,He melted a chocolate bar using,improbable,a radiator.,4,Ġbar,-1.2108964920043945,False,allenai/OLMo-7B-0424-hf
42,He melted a chocolate bar using,improbable,a radiator.,5,Ġusing,-5.558359146118164,False,allenai/OLMo-7B-0424-hf
42,He melted a chocolate bar using,improbable,a radiator.,6,Ġa,-1.196120262145996,True,allenai/OLMo-7B-0424-hf
42,He melted a chocolate bar using,improbable,a radiator.,7,Ġradi,-9.821986198425293,True,allenai/OLMo-7B-0424-hf
42,He melted a chocolate bar using,improbable,a radiator.,8,ator,-0.5998306274414062,True,allenai/OLMo-7B-0424-hf
42,He melted a chocolate bar using,improbable,a radiator.,9,.,-1.4490699768066406,True,allenai/OLMo-7B-0424-hf
42,He melted a chocolate bar using,impossible,a napkin.,0,He,0.0,False,allenai/OLMo-7B-0424-hf
42,He melted a chocolate bar using,impossible,a napkin.,1,Ġmelted,-11.143311500549316,False,allenai/OLMo-7B-0424-hf
42,He melted a chocolate bar using,impossible,a napkin.,2,Ġa,-3.592768669128418,False,allenai/OLMo-7B-0424-hf
42,He melted a chocolate bar using,impossible,a napkin.,3,Ġchocolate,-5.571026802062988,False,allenai/OLMo-7B-0424-hf
42,He melted a chocolate bar using,impossible,a napkin.,4,Ġbar,-1.2108964920043945,False,allenai/OLMo-7B-0424-hf
42,He melted a chocolate bar using,impossible,a napkin.,5,Ġusing,-5.558359146118164,False,allenai/OLMo-7B-0424-hf
42,He melted a chocolate bar using,impossible,a napkin.,6,Ġa,-1.196120262145996,True,allenai/OLMo-7B-0424-hf
42,He melted a chocolate bar using,impossible,a napkin.,7,Ġnap,-9.069574356079102,True,allenai/OLMo-7B-0424-hf
42,He melted a chocolate bar using,impossible,a napkin.,8,kin,-0.4568614959716797,True,allenai/OLMo-7B-0424-hf
42,He melted a chocolate bar using,impossible,a napkin.,9,.,-1.8283348083496094,True,allenai/OLMo-7B-0424-hf
42,He melted a chocolate bar using,inconceivable,a promise.,0,He,0.0,False,allenai/OLMo-7B-0424-hf
42,He melted a chocolate bar using,inconceivable,a promise.,1,Ġmelted,-11.143311500549316,False,allenai/OLMo-7B-0424-hf
42,He melted a chocolate bar using,inconceivable,a promise.,2,Ġa,-3.592768669128418,False,allenai/OLMo-7B-0424-hf
42,He melted a chocolate bar using,inconceivable,a promise.,3,Ġchocolate,-5.571026802062988,False,allenai/OLMo-7B-0424-hf
42,He melted a chocolate bar using,inconceivable,a promise.,4,Ġbar,-1.2108964920043945,False,allenai/OLMo-7B-0424-hf
42,He melted a chocolate bar using,inconceivable,a promise.,5,Ġusing,-5.558359146118164,False,allenai/OLMo-7B-0424-hf
42,He melted a chocolate bar using,inconceivable,a promise.,6,Ġa,-1.196120262145996,True,allenai/OLMo-7B-0424-hf
42,He melted a chocolate bar using,inconceivable,a promise.,7,Ġpromise,-13.59238052368164,True,allenai/OLMo-7B-0424-hf
42,He melted a chocolate bar using,inconceivable,a promise.,8,.,-2.3091812133789062,True,allenai/OLMo-7B-0424-hf
42,He melted a chocolate bar using,inconceivable_syntactic,took.,0,He,0.0,False,allenai/OLMo-7B-0424-hf
42,He melted a chocolate bar using,inconceivable_syntactic,took.,1,Ġmelted,-11.143309593200684,False,allenai/OLMo-7B-0424-hf
42,He melted a chocolate bar using,inconceivable_syntactic,took.,2,Ġa,-3.5927810668945312,False,allenai/OLMo-7B-0424-hf
42,He melted a chocolate bar using,inconceivable_syntactic,took.,3,Ġchocolate,-5.57102108001709,False,allenai/OLMo-7B-0424-hf
42,He melted a chocolate bar using,inconceivable_syntactic,took.,4,Ġbar,-1.2109012603759766,False,allenai/OLMo-7B-0424-hf
42,He melted a chocolate bar using,inconceivable_syntactic,took.,5,Ġusing,-5.558353424072266,False,allenai/OLMo-7B-0424-hf
42,He melted a chocolate bar using,inconceivable_syntactic,took.,6,Ġtook,-14.382834434509277,True,allenai/OLMo-7B-0424-hf
42,He melted a chocolate bar using,inconceivable_syntactic,took.,7,.,-4.206821441650391,True,allenai/OLMo-7B-0424-hf
43,He opened a jar using,probable,his hands.,0,He,0.0,False,allenai/OLMo-7B-0424-hf
43,He opened a jar using,probable,his hands.,1,Ġopened,-7.455178260803223,False,allenai/OLMo-7B-0424-hf
43,He opened a jar using,probable,his hands.,2,Ġa,-2.822275161743164,False,allenai/OLMo-7B-0424-hf
43,He opened a jar using,probable,his hands.,3,Ġjar,-6.062941551208496,False,allenai/OLMo-7B-0424-hf
43,He opened a jar using,probable,his hands.,4,Ġusing,-9.44135856628418,False,allenai/OLMo-7B-0424-hf
43,He opened a jar using,probable,his hands.,5,Ġhis,-1.2252616882324219,True,allenai/OLMo-7B-0424-hf
43,He opened a jar using,probable,his hands.,6,Ġhands,-4.021231651306152,True,allenai/OLMo-7B-0424-hf
43,He opened a jar using,probable,his hands.,7,.,-1.6693344116210938,True,allenai/OLMo-7B-0424-hf
43,He opened a jar using,improbable,his feet.,0,He,0.0,False,allenai/OLMo-7B-0424-hf
43,He opened a jar using,improbable,his feet.,1,Ġopened,-7.455178260803223,False,allenai/OLMo-7B-0424-hf
43,He opened a jar using,improbable,his feet.,2,Ġa,-2.822275161743164,False,allenai/OLMo-7B-0424-hf
43,He opened a jar using,improbable,his feet.,3,Ġjar,-6.062941551208496,False,allenai/OLMo-7B-0424-hf
43,He opened a jar using,improbable,his feet.,4,Ġusing,-9.44135856628418,False,allenai/OLMo-7B-0424-hf
43,He opened a jar using,improbable,his feet.,5,Ġhis,-1.2252616882324219,True,allenai/OLMo-7B-0424-hf
43,He opened a jar using,improbable,his feet.,6,Ġfeet,-5.091621398925781,True,allenai/OLMo-7B-0424-hf
43,He opened a jar using,improbable,his feet.,7,.,-1.3969535827636719,True,allenai/OLMo-7B-0424-hf
43,He opened a jar using,impossible,his mind.,0,He,0.0,False,allenai/OLMo-7B-0424-hf
43,He opened a jar using,impossible,his mind.,1,Ġopened,-7.455178260803223,False,allenai/OLMo-7B-0424-hf
43,He opened a jar using,impossible,his mind.,2,Ġa,-2.822275161743164,False,allenai/OLMo-7B-0424-hf
43,He opened a jar using,impossible,his mind.,3,Ġjar,-6.062941551208496,False,allenai/OLMo-7B-0424-hf
43,He opened a jar using,impossible,his mind.,4,Ġusing,-9.44135856628418,False,allenai/OLMo-7B-0424-hf
43,He opened a jar using,impossible,his mind.,5,Ġhis,-1.2252616882324219,True,allenai/OLMo-7B-0424-hf
43,He opened a jar using,impossible,his mind.,6,Ġmind,-4.182673454284668,True,allenai/OLMo-7B-0424-hf
43,He opened a jar using,impossible,his mind.,7,.,-1.2903776168823242,True,allenai/OLMo-7B-0424-hf
43,He opened a jar using,inconceivable,an opinion.,0,He,0.0,False,allenai/OLMo-7B-0424-hf
43,He opened a jar using,inconceivable,an opinion.,1,Ġopened,-7.455178260803223,False,allenai/OLMo-7B-0424-hf
43,He opened a jar using,inconceivable,an opinion.,2,Ġa,-2.822275161743164,False,allenai/OLMo-7B-0424-hf
43,He opened a jar using,inconceivable,an opinion.,3,Ġjar,-6.062941551208496,False,allenai/OLMo-7B-0424-hf
43,He opened a jar using,inconceivable,an opinion.,4,Ġusing,-9.44135856628418,False,allenai/OLMo-7B-0424-hf
43,He opened a jar using,inconceivable,an opinion.,5,Ġan,-3.752054214477539,True,allenai/OLMo-7B-0424-hf
43,He opened a jar using,inconceivable,an opinion.,6,Ġopinion,-11.51715087890625,True,allenai/OLMo-7B-0424-hf
43,He opened a jar using,inconceivable,an opinion.,7,.,-2.737588882446289,True,allenai/OLMo-7B-0424-hf
43,He opened a jar using,inconceivable_syntactic,never.,0,He,0.0,False,allenai/OLMo-7B-0424-hf
43,He opened a jar using,inconceivable_syntactic,never.,1,Ġopened,-7.455179691314697,False,allenai/OLMo-7B-0424-hf
43,He opened a jar using,inconceivable_syntactic,never.,2,Ġa,-2.8222732543945312,False,allenai/OLMo-7B-0424-hf
43,He opened a jar using,inconceivable_syntactic,never.,3,Ġjar,-6.062939643859863,False,allenai/OLMo-7B-0424-hf
43,He opened a jar using,inconceivable_syntactic,never.,4,Ġusing,-9.441366195678711,False,allenai/OLMo-7B-0424-hf
43,He opened a jar using,inconceivable_syntactic,never.,5,Ġnever,-11.52508544921875,True,allenai/OLMo-7B-0424-hf
43,He opened a jar using,inconceivable_syntactic,never.,6,.,-5.981044769287109,True,allenai/OLMo-7B-0424-hf
44,He packed a suit inside,probable,a suitcase.,0,He,0.0,False,allenai/OLMo-7B-0424-hf
44,He packed a suit inside,probable,a suitcase.,1,Ġpacked,-8.927336692810059,False,allenai/OLMo-7B-0424-hf
44,He packed a suit inside,probable,a suitcase.,2,Ġa,-2.3716087341308594,False,allenai/OLMo-7B-0424-hf
44,He packed a suit inside,probable,a suitcase.,3,Ġsuit,-6.612460136413574,False,allenai/OLMo-7B-0424-hf
44,He packed a suit inside,probable,a suitcase.,4,Ġinside,-4.678524017333984,False,allenai/OLMo-7B-0424-hf
44,He packed a suit inside,probable,a suitcase.,5,Ġa,-1.1011981964111328,True,allenai/OLMo-7B-0424-hf
44,He packed a suit inside,probable,a suitcase.,6,Ġsuitcase,-2.413698196411133,True,allenai/OLMo-7B-0424-hf
44,He packed a suit inside,probable,a suitcase.,7,.,-2.3847389221191406,True,allenai/OLMo-7B-0424-hf
44,He packed a suit inside,improbable,a pocket.,0,He,0.0,False,allenai/OLMo-7B-0424-hf
44,He packed a suit inside,improbable,a pocket.,1,Ġpacked,-8.927336692810059,False,allenai/OLMo-7B-0424-hf
44,He packed a suit inside,improbable,a pocket.,2,Ġa,-2.3716087341308594,False,allenai/OLMo-7B-0424-hf
44,He packed a suit inside,improbable,a pocket.,3,Ġsuit,-6.612460136413574,False,allenai/OLMo-7B-0424-hf
44,He packed a suit inside,improbable,a pocket.,4,Ġinside,-4.678524017333984,False,allenai/OLMo-7B-0424-hf
44,He packed a suit inside,improbable,a pocket.,5,Ġa,-1.1011981964111328,True,allenai/OLMo-7B-0424-hf
44,He packed a suit inside,improbable,a pocket.,6,Ġpocket,-6.600164413452148,True,allenai/OLMo-7B-0424-hf
44,He packed a suit inside,improbable,a pocket.,7,.,-3.0968055725097656,True,allenai/OLMo-7B-0424-hf
44,He packed a suit inside,impossible,a raspberry.,0,He,0.0,False,allenai/OLMo-7B-0424-hf
44,He packed a suit inside,impossible,a raspberry.,1,Ġpacked,-8.927330017089844,False,allenai/OLMo-7B-0424-hf
44,He packed a suit inside,impossible,a raspberry.,2,Ġa,-2.371614456176758,False,allenai/OLMo-7B-0424-hf
44,He packed a suit inside,impossible,a raspberry.,3,Ġsuit,-6.612469673156738,False,allenai/OLMo-7B-0424-hf
44,He packed a suit inside,impossible,a raspberry.,4,Ġinside,-4.678516387939453,False,allenai/OLMo-7B-0424-hf
44,He packed a suit inside,impossible,a raspberry.,5,Ġa,-1.1011981964111328,True,allenai/OLMo-7B-0424-hf
44,He packed a suit inside,impossible,a raspberry.,6,Ġr,-6.443229675292969,True,allenai/OLMo-7B-0424-hf
44,He packed a suit inside,impossible,a raspberry.,7,aspberry,-7.567243576049805,True,allenai/OLMo-7B-0424-hf
44,He packed a suit inside,impossible,a raspberry.,8,.,-3.5974225997924805,True,allenai/OLMo-7B-0424-hf
44,He packed a suit inside,inconceivable,a groan.,0,He,0.0,False,allenai/OLMo-7B-0424-hf
44,He packed a suit inside,inconceivable,a groan.,1,Ġpacked,-8.927330017089844,False,allenai/OLMo-7B-0424-hf
44,He packed a suit inside,inconceivable,a groan.,2,Ġa,-2.371614456176758,False,allenai/OLMo-7B-0424-hf
44,He packed a suit inside,inconceivable,a groan.,3,Ġsuit,-6.612469673156738,False,allenai/OLMo-7B-0424-hf
44,He packed a suit inside,inconceivable,a groan.,4,Ġinside,-4.678516387939453,False,allenai/OLMo-7B-0424-hf
44,He packed a suit inside,inconceivable,a groan.,5,Ġa,-1.1011981964111328,True,allenai/OLMo-7B-0424-hf
44,He packed a suit inside,inconceivable,a groan.,6,Ġgro,-9.686387062072754,True,allenai/OLMo-7B-0424-hf
44,He packed a suit inside,inconceivable,a groan.,7,an,-3.2787399291992188,True,allenai/OLMo-7B-0424-hf
44,He packed a suit inside,inconceivable,a groan.,8,.,-2.4191131591796875,True,allenai/OLMo-7B-0424-hf
44,He packed a suit inside,inconceivable_syntactic,got.,0,He,0.0,False,allenai/OLMo-7B-0424-hf
44,He packed a suit inside,inconceivable_syntactic,got.,1,Ġpacked,-8.92733383178711,False,allenai/OLMo-7B-0424-hf
44,He packed a suit inside,inconceivable_syntactic,got.,2,Ġa,-2.3716163635253906,False,allenai/OLMo-7B-0424-hf
44,He packed a suit inside,inconceivable_syntactic,got.,3,Ġsuit,-6.612468719482422,False,allenai/OLMo-7B-0424-hf
44,He packed a suit inside,inconceivable_syntactic,got.,4,Ġinside,-4.678520202636719,False,allenai/OLMo-7B-0424-hf
44,He packed a suit inside,inconceivable_syntactic,got.,5,Ġgot,-13.44504165649414,True,allenai/OLMo-7B-0424-hf
44,He packed a suit inside,inconceivable_syntactic,got.,6,.,-6.249985694885254,True,allenai/OLMo-7B-0424-hf
45,He painted a wall using,probable,a brush.,0,He,0.0,False,allenai/OLMo-7B-0424-hf
45,He painted a wall using,probable,a brush.,1,Ġpainted,-10.097190856933594,False,allenai/OLMo-7B-0424-hf
45,He painted a wall using,probable,a brush.,2,Ġa,-1.6601533889770508,False,allenai/OLMo-7B-0424-hf
45,He painted a wall using,probable,a brush.,3,Ġwall,-6.153508186340332,False,allenai/OLMo-7B-0424-hf
45,He painted a wall using,probable,a brush.,4,Ġusing,-5.959076881408691,False,allenai/OLMo-7B-0424-hf
45,He painted a wall using,probable,a brush.,5,Ġa,-1.618612289428711,True,allenai/OLMo-7B-0424-hf
45,He painted a wall using,probable,a brush.,6,Ġbrush,-3.209644317626953,True,allenai/OLMo-7B-0424-hf
45,He painted a wall using,probable,a brush.,7,.,-1.8059673309326172,True,allenai/OLMo-7B-0424-hf
45,He painted a wall using,improbable,a mop.,0,He,0.0,False,allenai/OLMo-7B-0424-hf
45,He painted a wall using,improbable,a mop.,1,Ġpainted,-10.097195625305176,False,allenai/OLMo-7B-0424-hf
45,He painted a wall using,improbable,a mop.,2,Ġa,-1.66015625,False,allenai/OLMo-7B-0424-hf
45,He painted a wall using,improbable,a mop.,3,Ġwall,-6.153506278991699,False,allenai/OLMo-7B-0424-hf
45,He painted a wall using,improbable,a mop.,4,Ġusing,-5.959072113037109,False,allenai/OLMo-7B-0424-hf
45,He painted a wall using,improbable,a mop.,5,Ġa,-1.6186084747314453,True,allenai/OLMo-7B-0424-hf
45,He painted a wall using,improbable,a mop.,6,Ġm,-4.437101364135742,True,allenai/OLMo-7B-0424-hf
45,He painted a wall using,improbable,a mop.,7,op,-5.952098846435547,True,allenai/OLMo-7B-0424-hf
45,He painted a wall using,improbable,a mop.,8,.,-2.2079029083251953,True,allenai/OLMo-7B-0424-hf
45,He painted a wall using,impossible,a bathtub.,0,He,0.0,False,allenai/OLMo-7B-0424-hf
45,He painted a wall using,impossible,a bathtub.,1,Ġpainted,-10.097195625305176,False,allenai/OLMo-7B-0424-hf
45,He painted a wall using,impossible,a bathtub.,2,Ġa,-1.66015625,False,allenai/OLMo-7B-0424-hf
45,He painted a wall using,impossible,a bathtub.,3,Ġwall,-6.153506278991699,False,allenai/OLMo-7B-0424-hf
45,He painted a wall using,impossible,a bathtub.,4,Ġusing,-5.959072113037109,False,allenai/OLMo-7B-0424-hf
45,He painted a wall using,impossible,a bathtub.,5,Ġa,-1.6186084747314453,True,allenai/OLMo-7B-0424-hf
45,He painted a wall using,impossible,a bathtub.,6,Ġbat,-9.582923889160156,True,allenai/OLMo-7B-0424-hf
45,He painted a wall using,impossible,a bathtub.,7,ht,-1.1349802017211914,True,allenai/OLMo-7B-0424-hf
45,He painted a wall using,impossible,a bathtub.,8,ub,-0.002109527587890625,True,allenai/OLMo-7B-0424-hf
45,He painted a wall using,impossible,a bathtub.,9,.,-2.318408966064453,True,allenai/OLMo-7B-0424-hf
45,He painted a wall using,inconceivable,a whisper.,0,He,0.0,False,allenai/OLMo-7B-0424-hf
45,He painted a wall using,inconceivable,a whisper.,1,Ġpainted,-10.097190856933594,False,allenai/OLMo-7B-0424-hf
45,He painted a wall using,inconceivable,a whisper.,2,Ġa,-1.6601533889770508,False,allenai/OLMo-7B-0424-hf
45,He painted a wall using,inconceivable,a whisper.,3,Ġwall,-6.153508186340332,False,allenai/OLMo-7B-0424-hf
45,He painted a wall using,inconceivable,a whisper.,4,Ġusing,-5.959076881408691,False,allenai/OLMo-7B-0424-hf
45,He painted a wall using,inconceivable,a whisper.,5,Ġa,-1.618612289428711,True,allenai/OLMo-7B-0424-hf
45,He painted a wall using,inconceivable,a whisper.,6,Ġwhisper,-12.577898025512695,True,allenai/OLMo-7B-0424-hf
45,He painted a wall using,inconceivable,a whisper.,7,.,-4.406674385070801,True,allenai/OLMo-7B-0424-hf
45,He painted a wall using,inconceivable_syntactic,decide.,0,He,0.0,False,allenai/OLMo-7B-0424-hf
45,He painted a wall using,inconceivable_syntactic,decide.,1,Ġpainted,-10.097187042236328,False,allenai/OLMo-7B-0424-hf
45,He painted a wall using,inconceivable_syntactic,decide.,2,Ġa,-1.6601581573486328,False,allenai/OLMo-7B-0424-hf
45,He painted a wall using,inconceivable_syntactic,decide.,3,Ġwall,-6.153505325317383,False,allenai/OLMo-7B-0424-hf
45,He painted a wall using,inconceivable_syntactic,decide.,4,Ġusing,-5.959074020385742,False,allenai/OLMo-7B-0424-hf
45,He painted a wall using,inconceivable_syntactic,decide.,5,Ġdecide,-15.097774505615234,True,allenai/OLMo-7B-0424-hf
45,He painted a wall using,inconceivable_syntactic,decide.,6,.,-2.943722724914551,True,allenai/OLMo-7B-0424-hf
46,He paved a road using,probable,cement.,0,He,0.0,False,allenai/OLMo-7B-0424-hf
46,He paved a road using,probable,cement.,1,Ġpaved,-11.294059753417969,False,allenai/OLMo-7B-0424-hf
46,He paved a road using,probable,cement.,2,Ġa,-2.9201793670654297,False,allenai/OLMo-7B-0424-hf
46,He paved a road using,probable,cement.,3,Ġroad,-2.6616668701171875,False,allenai/OLMo-7B-0424-hf
46,He paved a road using,probable,cement.,4,Ġusing,-6.833555221557617,False,allenai/OLMo-7B-0424-hf
46,He paved a road using,probable,cement.,5,Ġcement,-5.822885513305664,True,allenai/OLMo-7B-0424-hf
46,He paved a road using,probable,cement.,6,.,-1.9658784866333008,True,allenai/OLMo-7B-0424-hf
46,He paved a road using,improbable,seashells.,0,He,0.0,False,allenai/OLMo-7B-0424-hf
46,He paved a road using,improbable,seashells.,1,Ġpaved,-11.294061660766602,False,allenai/OLMo-7B-0424-hf
46,He paved a road using,improbable,seashells.,2,Ġa,-2.920182228088379,False,allenai/OLMo-7B-0424-hf
46,He paved a road using,improbable,seashells.,3,Ġroad,-2.661670684814453,False,allenai/OLMo-7B-0424-hf
46,He paved a road using,improbable,seashells.,4,Ġusing,-6.833556175231934,False,allenai/OLMo-7B-0424-hf
46,He paved a road using,improbable,seashells.,5,Ġseas,-9.708772659301758,True,allenai/OLMo-7B-0424-hf
46,He paved a road using,improbable,seashells.,6,hell,-0.02234649658203125,True,allenai/OLMo-7B-0424-hf
46,He paved a road using,improbable,seashells.,7,s,-0.0391387939453125,True,allenai/OLMo-7B-0424-hf
46,He paved a road using,improbable,seashells.,8,.,-1.5052976608276367,True,allenai/OLMo-7B-0424-hf
46,He paved a road using,impossible,a comet.,0,He,0.0,False,allenai/OLMo-7B-0424-hf
46,He paved a road using,impossible,a comet.,1,Ġpaved,-11.294058799743652,False,allenai/OLMo-7B-0424-hf
46,He paved a road using,impossible,a comet.,2,Ġa,-2.920170783996582,False,allenai/OLMo-7B-0424-hf
46,He paved a road using,impossible,a comet.,3,Ġroad,-2.661670684814453,False,allenai/OLMo-7B-0424-hf
46,He paved a road using,impossible,a comet.,4,Ġusing,-6.833553314208984,False,allenai/OLMo-7B-0424-hf
46,He paved a road using,impossible,a comet.,5,Ġa,-2.669447898864746,True,allenai/OLMo-7B-0424-hf
46,He paved a road using,impossible,a comet.,6,Ġcomet,-11.077462196350098,True,allenai/OLMo-7B-0424-hf
46,He paved a road using,impossible,a comet.,7,.,-1.8192777633666992,True,allenai/OLMo-7B-0424-hf
46,He paved a road using,inconceivable,happiness.,0,He,0.0,False,allenai/OLMo-7B-0424-hf
46,He paved a road using,inconceivable,happiness.,1,Ġpaved,-11.294059753417969,False,allenai/OLMo-7B-0424-hf
46,He paved a road using,inconceivable,happiness.,2,Ġa,-2.9201793670654297,False,allenai/OLMo-7B-0424-hf
46,He paved a road using,inconceivable,happiness.,3,Ġroad,-2.6616668701171875,False,allenai/OLMo-7B-0424-hf
46,He paved a road using,inconceivable,happiness.,4,Ġusing,-6.833555221557617,False,allenai/OLMo-7B-0424-hf
46,He paved a road using,inconceivable,happiness.,5,Ġhappiness,-13.249744415283203,True,allenai/OLMo-7B-0424-hf
46,He paved a road using,inconceivable,happiness.,6,.,-1.9335966110229492,True,allenai/OLMo-7B-0424-hf
46,He paved a road using,inconceivable_syntactic,although.,0,He,0.0,False,allenai/OLMo-7B-0424-hf
46,He paved a road using,inconceivable_syntactic,although.,1,Ġpaved,-11.294059753417969,False,allenai/OLMo-7B-0424-hf
46,He paved a road using,inconceivable_syntactic,although.,2,Ġa,-2.9201793670654297,False,allenai/OLMo-7B-0424-hf
46,He paved a road using,inconceivable_syntactic,although.,3,Ġroad,-2.6616668701171875,False,allenai/OLMo-7B-0424-hf
46,He paved a road using,inconceivable_syntactic,although.,4,Ġusing,-6.833555221557617,False,allenai/OLMo-7B-0424-hf
46,He paved a road using,inconceivable_syntactic,although.,5,Ġalthough,-13.894882202148438,True,allenai/OLMo-7B-0424-hf
46,He paved a road using,inconceivable_syntactic,although.,6,.,-3.461785316467285,True,allenai/OLMo-7B-0424-hf
47,He plucked a hair using,probable,tweezers.,0,He,0.0,False,allenai/OLMo-7B-0424-hf
47,He plucked a hair using,probable,tweezers.,1,Ġpl,-10.15233039855957,False,allenai/OLMo-7B-0424-hf
47,He plucked a hair using,probable,tweezers.,2,ucked,-1.2756423950195312,False,allenai/OLMo-7B-0424-hf
47,He plucked a hair using,probable,tweezers.,3,Ġa,-1.331486701965332,False,allenai/OLMo-7B-0424-hf
47,He plucked a hair using,probable,tweezers.,4,Ġhair,-5.497283935546875,False,allenai/OLMo-7B-0424-hf
47,He plucked a hair using,probable,tweezers.,5,Ġusing,-9.022780418395996,False,allenai/OLMo-7B-0424-hf
47,He plucked a hair using,probable,tweezers.,6,Ġtwe,-2.879688262939453,True,allenai/OLMo-7B-0424-hf
47,He plucked a hair using,probable,tweezers.,7,ez,-0.0124664306640625,True,allenai/OLMo-7B-0424-hf
47,He plucked a hair using,probable,tweezers.,8,ers,-0.0003261566162109375,True,allenai/OLMo-7B-0424-hf
47,He plucked a hair using,probable,tweezers.,9,.,-1.5379810333251953,True,allenai/OLMo-7B-0424-hf
47,He plucked a hair using,improbable,tongs.,0,He,0.0,False,allenai/OLMo-7B-0424-hf
47,He plucked a hair using,improbable,tongs.,1,Ġpl,-10.15233039855957,False,allenai/OLMo-7B-0424-hf
47,He plucked a hair using,improbable,tongs.,2,ucked,-1.2756423950195312,False,allenai/OLMo-7B-0424-hf
47,He plucked a hair using,improbable,tongs.,3,Ġa,-1.331486701965332,False,allenai/OLMo-7B-0424-hf
47,He plucked a hair using,improbable,tongs.,4,Ġhair,-5.497283935546875,False,allenai/OLMo-7B-0424-hf
47,He plucked a hair using,improbable,tongs.,5,Ġusing,-9.022780418395996,False,allenai/OLMo-7B-0424-hf
47,He plucked a hair using,improbable,tongs.,6,Ġtong,-6.29891300201416,True,allenai/OLMo-7B-0424-hf
47,He plucked a hair using,improbable,tongs.,7,s,-0.00788116455078125,True,allenai/OLMo-7B-0424-hf
47,He plucked a hair using,improbable,tongs.,8,.,-1.6416521072387695,True,allenai/OLMo-7B-0424-hf
47,He plucked a hair using,impossible,a spoon.,0,He,0.0,False,allenai/OLMo-7B-0424-hf
47,He plucked a hair using,impossible,a spoon.,1,Ġpl,-10.15233039855957,False,allenai/OLMo-7B-0424-hf
47,He plucked a hair using,impossible,a spoon.,2,ucked,-1.2756423950195312,False,allenai/OLMo-7B-0424-hf
47,He plucked a hair using,impossible,a spoon.,3,Ġa,-1.331486701965332,False,allenai/OLMo-7B-0424-hf
47,He plucked a hair using,impossible,a spoon.,4,Ġhair,-5.497283935546875,False,allenai/OLMo-7B-0424-hf
47,He plucked a hair using,impossible,a spoon.,5,Ġusing,-9.022780418395996,False,allenai/OLMo-7B-0424-hf
47,He plucked a hair using,impossible,a spoon.,6,Ġa,-1.6783533096313477,True,allenai/OLMo-7B-0424-hf
47,He plucked a hair using,impossible,a spoon.,7,Ġspoon,-6.989797592163086,True,allenai/OLMo-7B-0424-hf
47,He plucked a hair using,impossible,a spoon.,8,.,-1.5677814483642578,True,allenai/OLMo-7B-0424-hf
47,He plucked a hair using,inconceivable,sympathy.,0,He,0.0,False,allenai/OLMo-7B-0424-hf
47,He plucked a hair using,inconceivable,sympathy.,1,Ġpl,-10.152334213256836,False,allenai/OLMo-7B-0424-hf
47,He plucked a hair using,inconceivable,sympathy.,2,ucked,-1.2756423950195312,False,allenai/OLMo-7B-0424-hf
47,He plucked a hair using,inconceivable,sympathy.,3,Ġa,-1.3314990997314453,False,allenai/OLMo-7B-0424-hf
47,He plucked a hair using,inconceivable,sympathy.,4,Ġhair,-5.497284889221191,False,allenai/OLMo-7B-0424-hf
47,He plucked a hair using,inconceivable,sympathy.,5,Ġusing,-9.022787094116211,False,allenai/OLMo-7B-0424-hf
47,He plucked a hair using,inconceivable,sympathy.,6,Ġsympathy,-13.902957916259766,True,allenai/OLMo-7B-0424-hf
47,He plucked a hair using,inconceivable,sympathy.,7,.,-1.4804162979125977,True,allenai/OLMo-7B-0424-hf
47,He plucked a hair using,inconceivable_syntactic,since.,0,He,0.0,False,allenai/OLMo-7B-0424-hf
47,He plucked a hair using,inconceivable_syntactic,since.,1,Ġpl,-10.152334213256836,False,allenai/OLMo-7B-0424-hf
47,He plucked a hair using,inconceivable_syntactic,since.,2,ucked,-1.2756423950195312,False,allenai/OLMo-7B-0424-hf
47,He plucked a hair using,inconceivable_syntactic,since.,3,Ġa,-1.3314990997314453,False,allenai/OLMo-7B-0424-hf
47,He plucked a hair using,inconceivable_syntactic,since.,4,Ġhair,-5.497284889221191,False,allenai/OLMo-7B-0424-hf
47,He plucked a hair using,inconceivable_syntactic,since.,5,Ġusing,-9.022787094116211,False,allenai/OLMo-7B-0424-hf
47,He plucked a hair using,inconceivable_syntactic,since.,6,Ġsince,-13.522777557373047,True,allenai/OLMo-7B-0424-hf
47,He plucked a hair using,inconceivable_syntactic,since.,7,.,-5.048920631408691,True,allenai/OLMo-7B-0424-hf
48,He polished jewelry using,probable,a cloth.,0,He,0.0,False,allenai/OLMo-7B-0424-hf
48,He polished jewelry using,probable,a cloth.,1,Ġpolished,-12.155410766601562,False,allenai/OLMo-7B-0424-hf
48,He polished jewelry using,probable,a cloth.,2,Ġjewelry,-11.191474914550781,False,allenai/OLMo-7B-0424-hf
48,He polished jewelry using,probable,a cloth.,3,Ġusing,-5.882308006286621,False,allenai/OLMo-7B-0424-hf
48,He polished jewelry using,probable,a cloth.,4,Ġa,-1.4804058074951172,True,allenai/OLMo-7B-0424-hf
48,He polished jewelry using,probable,a cloth.,5,Ġcloth,-7.205959320068359,True,allenai/OLMo-7B-0424-hf
48,He polished jewelry using,probable,a cloth.,6,.,-2.266286849975586,True,allenai/OLMo-7B-0424-hf
48,He polished jewelry using,improbable,a shirt.,0,He,0.0,False,allenai/OLMo-7B-0424-hf
48,He polished jewelry using,improbable,a shirt.,1,Ġpolished,-12.155410766601562,False,allenai/OLMo-7B-0424-hf
48,He polished jewelry using,improbable,a shirt.,2,Ġjewelry,-11.191474914550781,False,allenai/OLMo-7B-0424-hf
48,He polished jewelry using,improbable,a shirt.,3,Ġusing,-5.882308006286621,False,allenai/OLMo-7B-0424-hf
48,He polished jewelry using,improbable,a shirt.,4,Ġa,-1.4804058074951172,True,allenai/OLMo-7B-0424-hf
48,He polished jewelry using,improbable,a shirt.,5,Ġshirt,-10.675456047058105,True,allenai/OLMo-7B-0424-hf
48,He polished jewelry using,improbable,a shirt.,6,.,-2.66595458984375,True,allenai/OLMo-7B-0424-hf
48,He polished jewelry using,impossible,a chainsaw.,0,He,0.0,False,allenai/OLMo-7B-0424-hf
48,He polished jewelry using,impossible,a chainsaw.,1,Ġpolished,-12.15540885925293,False,allenai/OLMo-7B-0424-hf
48,He polished jewelry using,impossible,a chainsaw.,2,Ġjewelry,-11.191472053527832,False,allenai/OLMo-7B-0424-hf
48,He polished jewelry using,impossible,a chainsaw.,3,Ġusing,-5.8823089599609375,False,allenai/OLMo-7B-0424-hf
48,He polished jewelry using,impossible,a chainsaw.,4,Ġa,-1.4804115295410156,True,allenai/OLMo-7B-0424-hf
48,He polished jewelry using,impossible,a chainsaw.,5,Ġchains,-9.797499656677246,True,allenai/OLMo-7B-0424-hf
48,He polished jewelry using,impossible,a chainsaw.,6,aw,-0.005340576171875,True,allenai/OLMo-7B-0424-hf
48,He polished jewelry using,impossible,a chainsaw.,7,.,-1.4874076843261719,True,allenai/OLMo-7B-0424-hf
48,He polished jewelry using,inconceivable,music.,0,He,0.0,False,allenai/OLMo-7B-0424-hf
48,He polished jewelry using,inconceivable,music.,1,Ġpolished,-12.155410766601562,False,allenai/OLMo-7B-0424-hf
48,He polished jewelry using,inconceivable,music.,2,Ġjewelry,-11.191472053527832,False,allenai/OLMo-7B-0424-hf
48,He polished jewelry using,inconceivable,music.,3,Ġusing,-5.8823089599609375,False,allenai/OLMo-7B-0424-hf
48,He polished jewelry using,inconceivable,music.,4,Ġmusic,-10.395755767822266,True,allenai/OLMo-7B-0424-hf
48,He polished jewelry using,inconceivable,music.,5,.,-1.970804214477539,True,allenai/OLMo-7B-0424-hf
48,He polished jewelry using,inconceivable_syntactic,know.,0,He,0.0,False,allenai/OLMo-7B-0424-hf
48,He polished jewelry using,inconceivable_syntactic,know.,1,Ġpolished,-12.155410766601562,False,allenai/OLMo-7B-0424-hf
48,He polished jewelry using,inconceivable_syntactic,know.,2,Ġjewelry,-11.191472053527832,False,allenai/OLMo-7B-0424-hf
48,He polished jewelry using,inconceivable_syntactic,know.,3,Ġusing,-5.8823089599609375,False,allenai/OLMo-7B-0424-hf
48,He polished jewelry using,inconceivable_syntactic,know.,4,Ġknow,-11.275430679321289,True,allenai/OLMo-7B-0424-hf
48,He polished jewelry using,inconceivable_syntactic,know.,5,.,-5.934769630432129,True,allenai/OLMo-7B-0424-hf
49,He popped a balloon using,probable,a thumbtack.,0,He,0.0,False,allenai/OLMo-7B-0424-hf
49,He popped a balloon using,probable,a thumbtack.,1,Ġpopped,-10.207155227661133,False,allenai/OLMo-7B-0424-hf
49,He popped a balloon using,probable,a thumbtack.,2,Ġa,-2.9977827072143555,False,allenai/OLMo-7B-0424-hf
49,He popped a balloon using,probable,a thumbtack.,3,Ġballoon,-5.130917549133301,False,allenai/OLMo-7B-0424-hf
49,He popped a balloon using,probable,a thumbtack.,4,Ġusing,-6.669389724731445,False,allenai/OLMo-7B-0424-hf
49,He popped a balloon using,probable,a thumbtack.,5,Ġa,-0.9955759048461914,True,allenai/OLMo-7B-0424-hf
49,He popped a balloon using,probable,a thumbtack.,6,Ġth,-6.590426445007324,True,allenai/OLMo-7B-0424-hf
49,He popped a balloon using,probable,a thumbtack.,7,um,-0.44483184814453125,True,allenai/OLMo-7B-0424-hf
49,He popped a balloon using,probable,a thumbtack.,8,bt,-0.029628753662109375,True,allenai/OLMo-7B-0424-hf
49,He popped a balloon using,probable,a thumbtack.,9,ack,-0.0124664306640625,True,allenai/OLMo-7B-0424-hf
49,He popped a balloon using,probable,a thumbtack.,10,.,-1.5607776641845703,True,allenai/OLMo-7B-0424-hf
49,He popped a balloon using,improbable,a spear.,0,He,0.0,False,allenai/OLMo-7B-0424-hf
49,He popped a balloon using,improbable,a spear.,1,Ġpopped,-10.207149505615234,False,allenai/OLMo-7B-0424-hf
49,He popped a balloon using,improbable,a spear.,2,Ġa,-2.997770309448242,False,allenai/OLMo-7B-0424-hf
49,He popped a balloon using,improbable,a spear.,3,Ġballoon,-5.130922317504883,False,allenai/OLMo-7B-0424-hf
49,He popped a balloon using,improbable,a spear.,4,Ġusing,-6.669393539428711,False,allenai/OLMo-7B-0424-hf
49,He popped a balloon using,improbable,a spear.,5,Ġa,-0.995574951171875,True,allenai/OLMo-7B-0424-hf
49,He popped a balloon using,improbable,a spear.,6,Ġspear,-7.092182159423828,True,allenai/OLMo-7B-0424-hf
49,He popped a balloon using,improbable,a spear.,7,.,-2.6246423721313477,True,allenai/OLMo-7B-0424-hf
49,He popped a balloon using,impossible,cotton balls.,0,He,0.0,False,allenai/OLMo-7B-0424-hf
49,He popped a balloon using,impossible,cotton balls.,1,Ġpopped,-10.207149505615234,False,allenai/OLMo-7B-0424-hf
49,He popped a balloon using,impossible,cotton balls.,2,Ġa,-2.997770309448242,False,allenai/OLMo-7B-0424-hf
49,He popped a balloon using,impossible,cotton balls.,3,Ġballoon,-5.130922317504883,False,allenai/OLMo-7B-0424-hf
49,He popped a balloon using,impossible,cotton balls.,4,Ġusing,-6.669393539428711,False,allenai/OLMo-7B-0424-hf
49,He popped a balloon using,impossible,cotton balls.,5,Ġcotton,-8.844778060913086,True,allenai/OLMo-7B-0424-hf
49,He popped a balloon using,impossible,cotton balls.,6,Ġballs,-2.279961585998535,True,allenai/OLMo-7B-0424-hf
49,He popped a balloon using,impossible,cotton balls.,7,.,-2.096813201904297,True,allenai/OLMo-7B-0424-hf
49,He popped a balloon using,inconceivable,a story.,0,He,0.0,False,allenai/OLMo-7B-0424-hf
49,He popped a balloon using,inconceivable,a story.,1,Ġpopped,-10.207149505615234,False,allenai/OLMo-7B-0424-hf
49,He popped a balloon using,inconceivable,a story.,2,Ġa,-2.997770309448242,False,allenai/OLMo-7B-0424-hf
49,He popped a balloon using,inconceivable,a story.,3,Ġballoon,-5.130922317504883,False,allenai/OLMo-7B-0424-hf
49,He popped a balloon using,inconceivable,a story.,4,Ġusing,-6.669393539428711,False,allenai/OLMo-7B-0424-hf
49,He popped a balloon using,inconceivable,a story.,5,Ġa,-0.995574951171875,True,allenai/OLMo-7B-0424-hf
49,He popped a balloon using,inconceivable,a story.,6,Ġstory,-11.08627986907959,True,allenai/OLMo-7B-0424-hf
49,He popped a balloon using,inconceivable,a story.,7,.,-3.1582469940185547,True,allenai/OLMo-7B-0424-hf
49,He popped a balloon using,inconceivable_syntactic,because.,0,He,0.0,False,allenai/OLMo-7B-0424-hf
49,He popped a balloon using,inconceivable_syntactic,because.,1,Ġpopped,-10.207149505615234,False,allenai/OLMo-7B-0424-hf
49,He popped a balloon using,inconceivable_syntactic,because.,2,Ġa,-2.9977779388427734,False,allenai/OLMo-7B-0424-hf
49,He popped a balloon using,inconceivable_syntactic,because.,3,Ġballoon,-5.130919456481934,False,allenai/OLMo-7B-0424-hf
49,He popped a balloon using,inconceivable_syntactic,because.,4,Ġusing,-6.669389724731445,False,allenai/OLMo-7B-0424-hf
49,He popped a balloon using,inconceivable_syntactic,because.,5,Ġbecause,-12.867183685302734,True,allenai/OLMo-7B-0424-hf
49,He popped a balloon using,inconceivable_syntactic,because.,6,.,-3.300384521484375,True,allenai/OLMo-7B-0424-hf
50,He removed a stain using,probable,bleach.,0,He,0.0,False,allenai/OLMo-7B-0424-hf
50,He removed a stain using,probable,bleach.,1,Ġremoved,-8.933965682983398,False,allenai/OLMo-7B-0424-hf
50,He removed a stain using,probable,bleach.,2,Ġa,-3.270862579345703,False,allenai/OLMo-7B-0424-hf
50,He removed a stain using,probable,bleach.,3,Ġstain,-8.199756622314453,False,allenai/OLMo-7B-0424-hf
50,He removed a stain using,probable,bleach.,4,Ġusing,-5.734426498413086,False,allenai/OLMo-7B-0424-hf
50,He removed a stain using,probable,bleach.,5,Ġble,-4.124171257019043,True,allenai/OLMo-7B-0424-hf
50,He removed a stain using,probable,bleach.,6,ach,-0.013837814331054688,True,allenai/OLMo-7B-0424-hf
50,He removed a stain using,probable,bleach.,7,.,-1.6141176223754883,True,allenai/OLMo-7B-0424-hf
50,He removed a stain using,improbable,vinegar.,0,He,0.0,False,allenai/OLMo-7B-0424-hf
50,He removed a stain using,improbable,vinegar.,1,Ġremoved,-8.933969497680664,False,allenai/OLMo-7B-0424-hf
50,He removed a stain using,improbable,vinegar.,2,Ġa,-3.270862579345703,False,allenai/OLMo-7B-0424-hf
50,He removed a stain using,improbable,vinegar.,3,Ġstain,-8.199759483337402,False,allenai/OLMo-7B-0424-hf
50,He removed a stain using,improbable,vinegar.,4,Ġusing,-5.73442268371582,False,allenai/OLMo-7B-0424-hf
50,He removed a stain using,improbable,vinegar.,5,Ġvinegar,-4.943489074707031,True,allenai/OLMo-7B-0424-hf
50,He removed a stain using,improbable,vinegar.,6,.,-1.8087739944458008,True,allenai/OLMo-7B-0424-hf
50,He removed a stain using,impossible,dirt.,0,He,0.0,False,allenai/OLMo-7B-0424-hf
50,He removed a stain using,impossible,dirt.,1,Ġremoved,-8.933969497680664,False,allenai/OLMo-7B-0424-hf
50,He removed a stain using,impossible,dirt.,2,Ġa,-3.270862579345703,False,allenai/OLMo-7B-0424-hf
50,He removed a stain using,impossible,dirt.,3,Ġstain,-8.199759483337402,False,allenai/OLMo-7B-0424-hf
50,He removed a stain using,impossible,dirt.,4,Ġusing,-5.73442268371582,False,allenai/OLMo-7B-0424-hf
50,He removed a stain using,impossible,dirt.,5,Ġdirt,-9.740270614624023,True,allenai/OLMo-7B-0424-hf
50,He removed a stain using,impossible,dirt.,6,.,-1.5488224029541016,True,allenai/OLMo-7B-0424-hf
50,He removed a stain using,inconceivable,truth.,0,He,0.0,False,allenai/OLMo-7B-0424-hf
50,He removed a stain using,inconceivable,truth.,1,Ġremoved,-8.933969497680664,False,allenai/OLMo-7B-0424-hf
50,He removed a stain using,inconceivable,truth.,2,Ġa,-3.270862579345703,False,allenai/OLMo-7B-0424-hf
50,He removed a stain using,inconceivable,truth.,3,Ġstain,-8.199759483337402,False,allenai/OLMo-7B-0424-hf
50,He removed a stain using,inconceivable,truth.,4,Ġusing,-5.73442268371582,False,allenai/OLMo-7B-0424-hf
50,He removed a stain using,inconceivable,truth.,5,Ġtruth,-12.398447036743164,True,allenai/OLMo-7B-0424-hf
50,He removed a stain using,inconceivable,truth.,6,.,-2.7420387268066406,True,allenai/OLMo-7B-0424-hf
50,He removed a stain using,inconceivable_syntactic,would.,0,He,0.0,False,allenai/OLMo-7B-0424-hf
50,He removed a stain using,inconceivable_syntactic,would.,1,Ġremoved,-8.933969497680664,False,allenai/OLMo-7B-0424-hf
50,He removed a stain using,inconceivable_syntactic,would.,2,Ġa,-3.270862579345703,False,allenai/OLMo-7B-0424-hf
50,He removed a stain using,inconceivable_syntactic,would.,3,Ġstain,-8.199759483337402,False,allenai/OLMo-7B-0424-hf
50,He removed a stain using,inconceivable_syntactic,would.,4,Ġusing,-5.73442268371582,False,allenai/OLMo-7B-0424-hf
50,He removed a stain using,inconceivable_syntactic,would.,5,Ġwould,-12.01191234588623,True,allenai/OLMo-7B-0424-hf
50,He removed a stain using,inconceivable_syntactic,would.,6,.,-4.320723533630371,True,allenai/OLMo-7B-0424-hf
51,He rinsed fruit using,probable,a sink.,0,He,0.0,False,allenai/OLMo-7B-0424-hf
51,He rinsed fruit using,probable,a sink.,1,Ġrinsed,-11.98983383178711,False,allenai/OLMo-7B-0424-hf
51,He rinsed fruit using,probable,a sink.,2,Ġfruit,-10.216203689575195,False,allenai/OLMo-7B-0424-hf
51,He rinsed fruit using,probable,a sink.,3,Ġusing,-7.1675519943237305,False,allenai/OLMo-7B-0424-hf
51,He rinsed fruit using,probable,a sink.,4,Ġa,-1.3559999465942383,True,allenai/OLMo-7B-0424-hf
51,He rinsed fruit using,probable,a sink.,5,Ġsink,-5.421834945678711,True,allenai/OLMo-7B-0424-hf
51,He rinsed fruit using,probable,a sink.,6,.,-2.6337623596191406,True,allenai/OLMo-7B-0424-hf
51,He rinsed fruit using,improbable,a hose.,0,He,0.0,False,allenai/OLMo-7B-0424-hf
51,He rinsed fruit using,improbable,a hose.,1,Ġrinsed,-11.98983383178711,False,allenai/OLMo-7B-0424-hf
51,He rinsed fruit using,improbable,a hose.,2,Ġfruit,-10.216203689575195,False,allenai/OLMo-7B-0424-hf
51,He rinsed fruit using,improbable,a hose.,3,Ġusing,-7.1675519943237305,False,allenai/OLMo-7B-0424-hf
51,He rinsed fruit using,improbable,a hose.,4,Ġa,-1.3559999465942383,True,allenai/OLMo-7B-0424-hf
51,He rinsed fruit using,improbable,a hose.,5,Ġhose,-5.305965423583984,True,allenai/OLMo-7B-0424-hf
51,He rinsed fruit using,improbable,a hose.,6,.,-2.199643135070801,True,allenai/OLMo-7B-0424-hf
51,He rinsed fruit using,impossible,a clock.,0,He,0.0,False,allenai/OLMo-7B-0424-hf
51,He rinsed fruit using,impossible,a clock.,1,Ġrinsed,-11.98983383178711,False,allenai/OLMo-7B-0424-hf
51,He rinsed fruit using,impossible,a clock.,2,Ġfruit,-10.216203689575195,False,allenai/OLMo-7B-0424-hf
51,He rinsed fruit using,impossible,a clock.,3,Ġusing,-7.1675519943237305,False,allenai/OLMo-7B-0424-hf
51,He rinsed fruit using,impossible,a clock.,4,Ġa,-1.3559999465942383,True,allenai/OLMo-7B-0424-hf
51,He rinsed fruit using,impossible,a clock.,5,Ġclock,-11.117603302001953,True,allenai/OLMo-7B-0424-hf
51,He rinsed fruit using,impossible,a clock.,6,.,-2.7682247161865234,True,allenai/OLMo-7B-0424-hf
51,He rinsed fruit using,inconceivable,a giggle.,0,He,0.0,False,allenai/OLMo-7B-0424-hf
51,He rinsed fruit using,inconceivable,a giggle.,1,Ġrinsed,-11.989832878112793,False,allenai/OLMo-7B-0424-hf
51,He rinsed fruit using,inconceivable,a giggle.,2,Ġfruit,-10.216202735900879,False,allenai/OLMo-7B-0424-hf
51,He rinsed fruit using,inconceivable,a giggle.,3,Ġusing,-7.16755485534668,False,allenai/OLMo-7B-0424-hf
51,He rinsed fruit using,inconceivable,a giggle.,4,Ġa,-1.3559961318969727,True,allenai/OLMo-7B-0424-hf
51,He rinsed fruit using,inconceivable,a giggle.,5,Ġgig,-12.393815994262695,True,allenai/OLMo-7B-0424-hf
51,He rinsed fruit using,inconceivable,a giggle.,6,gle,-1.3090038299560547,True,allenai/OLMo-7B-0424-hf
51,He rinsed fruit using,inconceivable,a giggle.,7,.,-1.8406352996826172,True,allenai/OLMo-7B-0424-hf
51,He rinsed fruit using,inconceivable_syntactic,create.,0,He,0.0,False,allenai/OLMo-7B-0424-hf
51,He rinsed fruit using,inconceivable_syntactic,create.,1,Ġrinsed,-11.989836692810059,False,allenai/OLMo-7B-0424-hf
51,He rinsed fruit using,inconceivable_syntactic,create.,2,Ġfruit,-10.216201782226562,False,allenai/OLMo-7B-0424-hf
51,He rinsed fruit using,inconceivable_syntactic,create.,3,Ġusing,-7.1675519943237305,False,allenai/OLMo-7B-0424-hf
51,He rinsed fruit using,inconceivable_syntactic,create.,4,Ġcreate,-12.06173324584961,True,allenai/OLMo-7B-0424-hf
51,He rinsed fruit using,inconceivable_syntactic,create.,5,.,-3.7171554565429688,True,allenai/OLMo-7B-0424-hf
52,He sewed a shirt using,probable,a needle.,0,He,0.0,False,allenai/OLMo-7B-0424-hf
52,He sewed a shirt using,probable,a needle.,1,Ġse,-9.158926963806152,False,allenai/OLMo-7B-0424-hf
52,He sewed a shirt using,probable,a needle.,2,wed,-2.2958011627197266,False,allenai/OLMo-7B-0424-hf
52,He sewed a shirt using,probable,a needle.,3,Ġa,-2.341799736022949,False,allenai/OLMo-7B-0424-hf
52,He sewed a shirt using,probable,a needle.,4,Ġshirt,-4.455753326416016,False,allenai/OLMo-7B-0424-hf
52,He sewed a shirt using,probable,a needle.,5,Ġusing,-6.104421615600586,False,allenai/OLMo-7B-0424-hf
52,He sewed a shirt using,probable,a needle.,6,Ġa,-1.6260147094726562,True,allenai/OLMo-7B-0424-hf
52,He sewed a shirt using,probable,a needle.,7,Ġneedle,-3.9651660919189453,True,allenai/OLMo-7B-0424-hf
52,He sewed a shirt using,probable,a needle.,8,.,-2.788461685180664,True,allenai/OLMo-7B-0424-hf
52,He sewed a shirt using,improbable,a toothpick.,0,He,0.0,False,allenai/OLMo-7B-0424-hf
52,He sewed a shirt using,improbable,a toothpick.,1,Ġse,-9.158926963806152,False,allenai/OLMo-7B-0424-hf
52,He sewed a shirt using,improbable,a toothpick.,2,wed,-2.2958011627197266,False,allenai/OLMo-7B-0424-hf
52,He sewed a shirt using,improbable,a toothpick.,3,Ġa,-2.341799736022949,False,allenai/OLMo-7B-0424-hf
52,He sewed a shirt using,improbable,a toothpick.,4,Ġshirt,-4.455753326416016,False,allenai/OLMo-7B-0424-hf
52,He sewed a shirt using,improbable,a toothpick.,5,Ġusing,-6.104421615600586,False,allenai/OLMo-7B-0424-hf
52,He sewed a shirt using,improbable,a toothpick.,6,Ġa,-1.6260147094726562,True,allenai/OLMo-7B-0424-hf
52,He sewed a shirt using,improbable,a toothpick.,7,Ġtooth,-9.38746166229248,True,allenai/OLMo-7B-0424-hf
52,He sewed a shirt using,improbable,a toothpick.,8,pick,-0.5357217788696289,True,allenai/OLMo-7B-0424-hf
52,He sewed a shirt using,improbable,a toothpick.,9,.,-1.6879701614379883,True,allenai/OLMo-7B-0424-hf
52,He sewed a shirt using,impossible,a potato.,0,He,0.0,False,allenai/OLMo-7B-0424-hf
52,He sewed a shirt using,impossible,a potato.,1,Ġse,-9.158926963806152,False,allenai/OLMo-7B-0424-hf
52,He sewed a shirt using,impossible,a potato.,2,wed,-2.2958011627197266,False,allenai/OLMo-7B-0424-hf
52,He sewed a shirt using,impossible,a potato.,3,Ġa,-2.341799736022949,False,allenai/OLMo-7B-0424-hf
52,He sewed a shirt using,impossible,a potato.,4,Ġshirt,-4.455753326416016,False,allenai/OLMo-7B-0424-hf
52,He sewed a shirt using,impossible,a potato.,5,Ġusing,-6.104421615600586,False,allenai/OLMo-7B-0424-hf
52,He sewed a shirt using,impossible,a potato.,6,Ġa,-1.6260147094726562,True,allenai/OLMo-7B-0424-hf
52,He sewed a shirt using,impossible,a potato.,7,Ġpotato,-8.234342575073242,True,allenai/OLMo-7B-0424-hf
52,He sewed a shirt using,impossible,a potato.,8,.,-1.8986282348632812,True,allenai/OLMo-7B-0424-hf
52,He sewed a shirt using,inconceivable,thunder.,0,He,0.0,False,allenai/OLMo-7B-0424-hf
52,He sewed a shirt using,inconceivable,thunder.,1,Ġse,-9.158927917480469,False,allenai/OLMo-7B-0424-hf
52,He sewed a shirt using,inconceivable,thunder.,2,wed,-2.2957983016967773,False,allenai/OLMo-7B-0424-hf
52,He sewed a shirt using,inconceivable,thunder.,3,Ġa,-2.3417911529541016,False,allenai/OLMo-7B-0424-hf
52,He sewed a shirt using,inconceivable,thunder.,4,Ġshirt,-4.455751419067383,False,allenai/OLMo-7B-0424-hf
52,He sewed a shirt using,inconceivable,thunder.,5,Ġusing,-6.10441780090332,False,allenai/OLMo-7B-0424-hf
52,He sewed a shirt using,inconceivable,thunder.,6,Ġthunder,-11.869515419006348,True,allenai/OLMo-7B-0424-hf
52,He sewed a shirt using,inconceivable,thunder.,7,.,-3.5245542526245117,True,allenai/OLMo-7B-0424-hf
52,He sewed a shirt using,inconceivable_syntactic,upon.,0,He,0.0,False,allenai/OLMo-7B-0424-hf
52,He sewed a shirt using,inconceivable_syntactic,upon.,1,Ġse,-9.158927917480469,False,allenai/OLMo-7B-0424-hf
52,He sewed a shirt using,inconceivable_syntactic,upon.,2,wed,-2.2957983016967773,False,allenai/OLMo-7B-0424-hf
52,He sewed a shirt using,inconceivable_syntactic,upon.,3,Ġa,-2.3417911529541016,False,allenai/OLMo-7B-0424-hf
52,He sewed a shirt using,inconceivable_syntactic,upon.,4,Ġshirt,-4.455751419067383,False,allenai/OLMo-7B-0424-hf
52,He sewed a shirt using,inconceivable_syntactic,upon.,5,Ġusing,-6.10441780090332,False,allenai/OLMo-7B-0424-hf
52,He sewed a shirt using,inconceivable_syntactic,upon.,6,Ġupon,-13.345059394836426,True,allenai/OLMo-7B-0424-hf
52,He sewed a shirt using,inconceivable_syntactic,upon.,7,.,-5.474706649780273,True,allenai/OLMo-7B-0424-hf
53,He shattered a window using,probable,a stone.,0,He,0.0,False,allenai/OLMo-7B-0424-hf
53,He shattered a window using,probable,a stone.,1,Ġshattered,-11.490667343139648,False,allenai/OLMo-7B-0424-hf
53,He shattered a window using,probable,a stone.,2,Ġa,-2.7741661071777344,False,allenai/OLMo-7B-0424-hf
53,He shattered a window using,probable,a stone.,3,Ġwindow,-2.8153934478759766,False,allenai/OLMo-7B-0424-hf
53,He shattered a window using,probable,a stone.,4,Ġusing,-6.756487846374512,False,allenai/OLMo-7B-0424-hf
53,He shattered a window using,probable,a stone.,5,Ġa,-0.6278390884399414,True,allenai/OLMo-7B-0424-hf
53,He shattered a window using,probable,a stone.,6,Ġstone,-4.270227432250977,True,allenai/OLMo-7B-0424-hf
53,He shattered a window using,probable,a stone.,7,.,-1.6800003051757812,True,allenai/OLMo-7B-0424-hf
53,He shattered a window using,improbable,a frisbee.,0,He,0.0,False,allenai/OLMo-7B-0424-hf
53,He shattered a window using,improbable,a frisbee.,1,Ġshattered,-11.490676879882812,False,allenai/OLMo-7B-0424-hf
53,He shattered a window using,improbable,a frisbee.,2,Ġa,-2.774165153503418,False,allenai/OLMo-7B-0424-hf
53,He shattered a window using,improbable,a frisbee.,3,Ġwindow,-2.8153982162475586,False,allenai/OLMo-7B-0424-hf
53,He shattered a window using,improbable,a frisbee.,4,Ġusing,-6.756490707397461,False,allenai/OLMo-7B-0424-hf
53,He shattered a window using,improbable,a frisbee.,5,Ġa,-0.6278362274169922,True,allenai/OLMo-7B-0424-hf
53,He shattered a window using,improbable,a frisbee.,6,Ġfr,-8.112074851989746,True,allenai/OLMo-7B-0424-hf
53,He shattered a window using,improbable,a frisbee.,7,is,-0.18007469177246094,True,allenai/OLMo-7B-0424-hf
53,He shattered a window using,improbable,a frisbee.,8,bee,-0.04863166809082031,True,allenai/OLMo-7B-0424-hf
53,He shattered a window using,improbable,a frisbee.,9,.,-1.4415512084960938,True,allenai/OLMo-7B-0424-hf
53,He shattered a window using,impossible,confetti.,0,He,0.0,False,allenai/OLMo-7B-0424-hf
53,He shattered a window using,impossible,confetti.,1,Ġshattered,-11.490667343139648,False,allenai/OLMo-7B-0424-hf
53,He shattered a window using,impossible,confetti.,2,Ġa,-2.7741661071777344,False,allenai/OLMo-7B-0424-hf
53,He shattered a window using,impossible,confetti.,3,Ġwindow,-2.8153934478759766,False,allenai/OLMo-7B-0424-hf
53,He shattered a window using,impossible,confetti.,4,Ġusing,-6.756487846374512,False,allenai/OLMo-7B-0424-hf
53,He shattered a window using,impossible,confetti.,5,Ġconf,-11.502254486083984,True,allenai/OLMo-7B-0424-hf
53,He shattered a window using,impossible,confetti.,6,etti,-0.044124603271484375,True,allenai/OLMo-7B-0424-hf
53,He shattered a window using,impossible,confetti.,7,.,-2.09783935546875,True,allenai/OLMo-7B-0424-hf
53,He shattered a window using,inconceivable,a concept.,0,He,0.0,False,allenai/OLMo-7B-0424-hf
53,He shattered a window using,inconceivable,a concept.,1,Ġshattered,-11.490667343139648,False,allenai/OLMo-7B-0424-hf
53,He shattered a window using,inconceivable,a concept.,2,Ġa,-2.7741661071777344,False,allenai/OLMo-7B-0424-hf
53,He shattered a window using,inconceivable,a concept.,3,Ġwindow,-2.8153934478759766,False,allenai/OLMo-7B-0424-hf
53,He shattered a window using,inconceivable,a concept.,4,Ġusing,-6.756487846374512,False,allenai/OLMo-7B-0424-hf
53,He shattered a window using,inconceivable,a concept.,5,Ġa,-0.6278390884399414,True,allenai/OLMo-7B-0424-hf
53,He shattered a window using,inconceivable,a concept.,6,Ġconcept,-13.490628242492676,True,allenai/OLMo-7B-0424-hf
53,He shattered a window using,inconceivable,a concept.,7,.,-3.2259836196899414,True,allenai/OLMo-7B-0424-hf
53,He shattered a window using,inconceivable_syntactic,must.,0,He,0.0,False,allenai/OLMo-7B-0424-hf
53,He shattered a window using,inconceivable_syntactic,must.,1,Ġshattered,-11.490668296813965,False,allenai/OLMo-7B-0424-hf
53,He shattered a window using,inconceivable_syntactic,must.,2,Ġa,-2.774165153503418,False,allenai/OLMo-7B-0424-hf
53,He shattered a window using,inconceivable_syntactic,must.,3,Ġwindow,-2.815396308898926,False,allenai/OLMo-7B-0424-hf
53,He shattered a window using,inconceivable_syntactic,must.,4,Ġusing,-6.7564897537231445,False,allenai/OLMo-7B-0424-hf
53,He shattered a window using,inconceivable_syntactic,must.,5,Ġmust,-14.222023963928223,True,allenai/OLMo-7B-0424-hf
53,He shattered a window using,inconceivable_syntactic,must.,6,.,-4.941532135009766,True,allenai/OLMo-7B-0424-hf
54,He shaved his beard using,probable,a razor.,0,He,0.0,False,allenai/OLMo-7B-0424-hf
54,He shaved his beard using,probable,a razor.,1,Ġsh,-9.274761199951172,False,allenai/OLMo-7B-0424-hf
54,He shaved his beard using,probable,a razor.,2,aved,-3.4575462341308594,False,allenai/OLMo-7B-0424-hf
54,He shaved his beard using,probable,a razor.,3,Ġhis,-0.8796253204345703,False,allenai/OLMo-7B-0424-hf
54,He shaved his beard using,probable,a razor.,4,Ġbeard,-1.7896413803100586,False,allenai/OLMo-7B-0424-hf
54,He shaved his beard using,probable,a razor.,5,Ġusing,-9.36336898803711,False,allenai/OLMo-7B-0424-hf
54,He shaved his beard using,probable,a razor.,6,Ġa,-0.9440908432006836,True,allenai/OLMo-7B-0424-hf
54,He shaved his beard using,probable,a razor.,7,Ġrazor,-2.336392402648926,True,allenai/OLMo-7B-0424-hf
54,He shaved his beard using,probable,a razor.,8,.,-2.1499595642089844,True,allenai/OLMo-7B-0424-hf
54,He shaved his beard using,improbable,a knife.,0,He,0.0,False,allenai/OLMo-7B-0424-hf
54,He shaved his beard using,improbable,a knife.,1,Ġsh,-9.274761199951172,False,allenai/OLMo-7B-0424-hf
54,He shaved his beard using,improbable,a knife.,2,aved,-3.4575462341308594,False,allenai/OLMo-7B-0424-hf
54,He shaved his beard using,improbable,a knife.,3,Ġhis,-0.8796253204345703,False,allenai/OLMo-7B-0424-hf
54,He shaved his beard using,improbable,a knife.,4,Ġbeard,-1.7896413803100586,False,allenai/OLMo-7B-0424-hf
54,He shaved his beard using,improbable,a knife.,5,Ġusing,-9.36336898803711,False,allenai/OLMo-7B-0424-hf
54,He shaved his beard using,improbable,a knife.,6,Ġa,-0.9440908432006836,True,allenai/OLMo-7B-0424-hf
54,He shaved his beard using,improbable,a knife.,7,Ġknife,-4.631386756896973,True,allenai/OLMo-7B-0424-hf
54,He shaved his beard using,improbable,a knife.,8,.,-1.7069482803344727,True,allenai/OLMo-7B-0424-hf
54,He shaved his beard using,impossible,a teabag.,0,He,0.0,False,allenai/OLMo-7B-0424-hf
54,He shaved his beard using,impossible,a teabag.,1,Ġsh,-9.274761199951172,False,allenai/OLMo-7B-0424-hf
54,He shaved his beard using,impossible,a teabag.,2,aved,-3.4575462341308594,False,allenai/OLMo-7B-0424-hf
54,He shaved his beard using,impossible,a teabag.,3,Ġhis,-0.8796253204345703,False,allenai/OLMo-7B-0424-hf
54,He shaved his beard using,impossible,a teabag.,4,Ġbeard,-1.7896413803100586,False,allenai/OLMo-7B-0424-hf
54,He shaved his beard using,impossible,a teabag.,5,Ġusing,-9.36336898803711,False,allenai/OLMo-7B-0424-hf
54,He shaved his beard using,impossible,a teabag.,6,Ġa,-0.9440908432006836,True,allenai/OLMo-7B-0424-hf
54,He shaved his beard using,impossible,a teabag.,7,Ġte,-10.571622848510742,True,allenai/OLMo-7B-0424-hf
54,He shaved his beard using,impossible,a teabag.,8,ab,-4.063321113586426,True,allenai/OLMo-7B-0424-hf
54,He shaved his beard using,impossible,a teabag.,9,ag,-0.05075263977050781,True,allenai/OLMo-7B-0424-hf
54,He shaved his beard using,impossible,a teabag.,10,.,-1.4572505950927734,True,allenai/OLMo-7B-0424-hf
54,He shaved his beard using,inconceivable,a belief.,0,He,0.0,False,allenai/OLMo-7B-0424-hf
54,He shaved his beard using,inconceivable,a belief.,1,Ġsh,-9.274761199951172,False,allenai/OLMo-7B-0424-hf
54,He shaved his beard using,inconceivable,a belief.,2,aved,-3.4575462341308594,False,allenai/OLMo-7B-0424-hf
54,He shaved his beard using,inconceivable,a belief.,3,Ġhis,-0.8796253204345703,False,allenai/OLMo-7B-0424-hf
54,He shaved his beard using,inconceivable,a belief.,4,Ġbeard,-1.7896413803100586,False,allenai/OLMo-7B-0424-hf
54,He shaved his beard using,inconceivable,a belief.,5,Ġusing,-9.36336898803711,False,allenai/OLMo-7B-0424-hf
54,He shaved his beard using,inconceivable,a belief.,6,Ġa,-0.9440908432006836,True,allenai/OLMo-7B-0424-hf
54,He shaved his beard using,inconceivable,a belief.,7,Ġbelief,-12.685483932495117,True,allenai/OLMo-7B-0424-hf
54,He shaved his beard using,inconceivable,a belief.,8,.,-4.513853073120117,True,allenai/OLMo-7B-0424-hf
54,He shaved his beard using,inconceivable_syntactic,now.,0,He,0.0,False,allenai/OLMo-7B-0424-hf
54,He shaved his beard using,inconceivable_syntactic,now.,1,Ġsh,-9.274760246276855,False,allenai/OLMo-7B-0424-hf
54,He shaved his beard using,inconceivable_syntactic,now.,2,aved,-3.4575443267822266,False,allenai/OLMo-7B-0424-hf
54,He shaved his beard using,inconceivable_syntactic,now.,3,Ġhis,-0.8796253204345703,False,allenai/OLMo-7B-0424-hf
54,He shaved his beard using,inconceivable_syntactic,now.,4,Ġbeard,-1.7896385192871094,False,allenai/OLMo-7B-0424-hf
54,He shaved his beard using,inconceivable_syntactic,now.,5,Ġusing,-9.363364219665527,False,allenai/OLMo-7B-0424-hf
54,He shaved his beard using,inconceivable_syntactic,now.,6,Ġnow,-10.890264511108398,True,allenai/OLMo-7B-0424-hf
54,He shaved his beard using,inconceivable_syntactic,now.,7,.,-4.426896095275879,True,allenai/OLMo-7B-0424-hf
55,He smashed a pumpkin using,probable,a hammer.,0,He,0.0,False,allenai/OLMo-7B-0424-hf
55,He smashed a pumpkin using,probable,a hammer.,1,Ġsmashed,-10.728973388671875,False,allenai/OLMo-7B-0424-hf
55,He smashed a pumpkin using,probable,a hammer.,2,Ġa,-2.3402318954467773,False,allenai/OLMo-7B-0424-hf
55,He smashed a pumpkin using,probable,a hammer.,3,Ġpumpkin,-9.913150787353516,False,allenai/OLMo-7B-0424-hf
55,He smashed a pumpkin using,probable,a hammer.,4,Ġusing,-5.841421127319336,False,allenai/OLMo-7B-0424-hf
55,He smashed a pumpkin using,probable,a hammer.,5,Ġa,-0.7454977035522461,True,allenai/OLMo-7B-0424-hf
55,He smashed a pumpkin using,probable,a hammer.,6,Ġhammer,-2.8686656951904297,True,allenai/OLMo-7B-0424-hf
55,He smashed a pumpkin using,probable,a hammer.,7,.,-1.281463623046875,True,allenai/OLMo-7B-0424-hf
55,He smashed a pumpkin using,improbable,a boulder.,0,He,0.0,False,allenai/OLMo-7B-0424-hf
55,He smashed a pumpkin using,improbable,a boulder.,1,Ġsmashed,-10.728983879089355,False,allenai/OLMo-7B-0424-hf
55,He smashed a pumpkin using,improbable,a boulder.,2,Ġa,-2.3402252197265625,False,allenai/OLMo-7B-0424-hf
55,He smashed a pumpkin using,improbable,a boulder.,3,Ġpumpkin,-9.913154602050781,False,allenai/OLMo-7B-0424-hf
55,He smashed a pumpkin using,improbable,a boulder.,4,Ġusing,-5.8414201736450195,False,allenai/OLMo-7B-0424-hf
55,He smashed a pumpkin using,improbable,a boulder.,5,Ġa,-0.7455043792724609,True,allenai/OLMo-7B-0424-hf
55,He smashed a pumpkin using,improbable,a boulder.,6,Ġb,-6.551955223083496,True,allenai/OLMo-7B-0424-hf
55,He smashed a pumpkin using,improbable,a boulder.,7,oulder,-1.3617992401123047,True,allenai/OLMo-7B-0424-hf
55,He smashed a pumpkin using,improbable,a boulder.,8,.,-1.2224340438842773,True,allenai/OLMo-7B-0424-hf
55,He smashed a pumpkin using,impossible,a leaf.,0,He,0.0,False,allenai/OLMo-7B-0424-hf
55,He smashed a pumpkin using,impossible,a leaf.,1,Ġsmashed,-10.728973388671875,False,allenai/OLMo-7B-0424-hf
55,He smashed a pumpkin using,impossible,a leaf.,2,Ġa,-2.3402318954467773,False,allenai/OLMo-7B-0424-hf
55,He smashed a pumpkin using,impossible,a leaf.,3,Ġpumpkin,-9.913150787353516,False,allenai/OLMo-7B-0424-hf
55,He smashed a pumpkin using,impossible,a leaf.,4,Ġusing,-5.841421127319336,False,allenai/OLMo-7B-0424-hf
55,He smashed a pumpkin using,impossible,a leaf.,5,Ġa,-0.7454977035522461,True,allenai/OLMo-7B-0424-hf
55,He smashed a pumpkin using,impossible,a leaf.,6,Ġleaf,-6.662260055541992,True,allenai/OLMo-7B-0424-hf
55,He smashed a pumpkin using,impossible,a leaf.,7,.,-4.5301666259765625,True,allenai/OLMo-7B-0424-hf
55,He smashed a pumpkin using,inconceivable,a number.,0,He,0.0,False,allenai/OLMo-7B-0424-hf
55,He smashed a pumpkin using,inconceivable,a number.,1,Ġsmashed,-10.728973388671875,False,allenai/OLMo-7B-0424-hf
55,He smashed a pumpkin using,inconceivable,a number.,2,Ġa,-2.3402318954467773,False,allenai/OLMo-7B-0424-hf
55,He smashed a pumpkin using,inconceivable,a number.,3,Ġpumpkin,-9.913150787353516,False,allenai/OLMo-7B-0424-hf
55,He smashed a pumpkin using,inconceivable,a number.,4,Ġusing,-5.841421127319336,False,allenai/OLMo-7B-0424-hf
55,He smashed a pumpkin using,inconceivable,a number.,5,Ġa,-0.7454977035522461,True,allenai/OLMo-7B-0424-hf
55,He smashed a pumpkin using,inconceivable,a number.,6,Ġnumber,-8.435592651367188,True,allenai/OLMo-7B-0424-hf
55,He smashed a pumpkin using,inconceivable,a number.,7,.,-6.811126708984375,True,allenai/OLMo-7B-0424-hf
55,He smashed a pumpkin using,inconceivable_syntactic,remember.,0,He,0.0,False,allenai/OLMo-7B-0424-hf
55,He smashed a pumpkin using,inconceivable_syntactic,remember.,1,Ġsmashed,-10.728976249694824,False,allenai/OLMo-7B-0424-hf
55,He smashed a pumpkin using,inconceivable_syntactic,remember.,2,Ġa,-2.340226173400879,False,allenai/OLMo-7B-0424-hf
55,He smashed a pumpkin using,inconceivable_syntactic,remember.,3,Ġpumpkin,-9.913152694702148,False,allenai/OLMo-7B-0424-hf
55,He smashed a pumpkin using,inconceivable_syntactic,remember.,4,Ġusing,-5.841423988342285,False,allenai/OLMo-7B-0424-hf
55,He smashed a pumpkin using,inconceivable_syntactic,remember.,5,Ġremember,-16.607507705688477,True,allenai/OLMo-7B-0424-hf
55,He smashed a pumpkin using,inconceivable_syntactic,remember.,6,.,-3.4226293563842773,True,allenai/OLMo-7B-0424-hf
56,He split a log using,probable,an axe.,0,He,0.0,False,allenai/OLMo-7B-0424-hf
56,He split a log using,probable,an axe.,1,Ġsplit,-10.228780746459961,False,allenai/OLMo-7B-0424-hf
56,He split a log using,probable,an axe.,2,Ġa,-3.838900566101074,False,allenai/OLMo-7B-0424-hf
56,He split a log using,probable,an axe.,3,Ġlog,-4.351034164428711,False,allenai/OLMo-7B-0424-hf
56,He split a log using,probable,an axe.,4,Ġusing,-5.490968704223633,False,allenai/OLMo-7B-0424-hf
56,He split a log using,probable,an axe.,5,Ġan,-1.701364517211914,True,allenai/OLMo-7B-0424-hf
56,He split a log using,probable,an axe.,6,Ġaxe,-0.5829582214355469,True,allenai/OLMo-7B-0424-hf
56,He split a log using,probable,an axe.,7,.,-1.324533462524414,True,allenai/OLMo-7B-0424-hf
56,He split a log using,improbable,a saw.,0,He,0.0,False,allenai/OLMo-7B-0424-hf
56,He split a log using,improbable,a saw.,1,Ġsplit,-10.228780746459961,False,allenai/OLMo-7B-0424-hf
56,He split a log using,improbable,a saw.,2,Ġa,-3.838900566101074,False,allenai/OLMo-7B-0424-hf
56,He split a log using,improbable,a saw.,3,Ġlog,-4.351034164428711,False,allenai/OLMo-7B-0424-hf
56,He split a log using,improbable,a saw.,4,Ġusing,-5.490968704223633,False,allenai/OLMo-7B-0424-hf
56,He split a log using,improbable,a saw.,5,Ġa,-0.9501419067382812,True,allenai/OLMo-7B-0424-hf
56,He split a log using,improbable,a saw.,6,Ġsaw,-3.734111785888672,True,allenai/OLMo-7B-0424-hf
56,He split a log using,improbable,a saw.,7,.,-1.737030029296875,True,allenai/OLMo-7B-0424-hf
56,He split a log using,impossible,a feather.,0,He,0.0,False,allenai/OLMo-7B-0424-hf
56,He split a log using,impossible,a feather.,1,Ġsplit,-10.228780746459961,False,allenai/OLMo-7B-0424-hf
56,He split a log using,impossible,a feather.,2,Ġa,-3.838900566101074,False,allenai/OLMo-7B-0424-hf
56,He split a log using,impossible,a feather.,3,Ġlog,-4.351034164428711,False,allenai/OLMo-7B-0424-hf
56,He split a log using,impossible,a feather.,4,Ġusing,-5.490968704223633,False,allenai/OLMo-7B-0424-hf
56,He split a log using,impossible,a feather.,5,Ġa,-0.9501419067382812,True,allenai/OLMo-7B-0424-hf
56,He split a log using,impossible,a feather.,6,Ġfeather,-8.352668762207031,True,allenai/OLMo-7B-0424-hf
56,He split a log using,impossible,a feather.,7,.,-4.192859649658203,True,allenai/OLMo-7B-0424-hf
56,He split a log using,inconceivable,a gasp.,0,He,0.0,False,allenai/OLMo-7B-0424-hf
56,He split a log using,inconceivable,a gasp.,1,Ġsplit,-10.228776931762695,False,allenai/OLMo-7B-0424-hf
56,He split a log using,inconceivable,a gasp.,2,Ġa,-3.838894844055176,False,allenai/OLMo-7B-0424-hf
56,He split a log using,inconceivable,a gasp.,3,Ġlog,-4.3510332107543945,False,allenai/OLMo-7B-0424-hf
56,He split a log using,inconceivable,a gasp.,4,Ġusing,-5.490969657897949,False,allenai/OLMo-7B-0424-hf
56,He split a log using,inconceivable,a gasp.,5,Ġa,-0.9501438140869141,True,allenai/OLMo-7B-0424-hf
56,He split a log using,inconceivable,a gasp.,6,Ġgas,-8.1776762008667,True,allenai/OLMo-7B-0424-hf
56,He split a log using,inconceivable,a gasp.,7,p,-8.124748229980469,True,allenai/OLMo-7B-0424-hf
56,He split a log using,inconceivable,a gasp.,8,.,-2.8746557235717773,True,allenai/OLMo-7B-0424-hf
56,He split a log using,inconceivable_syntactic,forward.,0,He,0.0,False,allenai/OLMo-7B-0424-hf
56,He split a log using,inconceivable_syntactic,forward.,1,Ġsplit,-10.228780746459961,False,allenai/OLMo-7B-0424-hf
56,He split a log using,inconceivable_syntactic,forward.,2,Ġa,-3.838892936706543,False,allenai/OLMo-7B-0424-hf
56,He split a log using,inconceivable_syntactic,forward.,3,Ġlog,-4.351034164428711,False,allenai/OLMo-7B-0424-hf
56,He split a log using,inconceivable_syntactic,forward.,4,Ġusing,-5.490970611572266,False,allenai/OLMo-7B-0424-hf
56,He split a log using,inconceivable_syntactic,forward.,5,Ġforward,-12.351855278015137,True,allenai/OLMo-7B-0424-hf
56,He split a log using,inconceivable_syntactic,forward.,6,.,-7.083904266357422,True,allenai/OLMo-7B-0424-hf
57,He squeezed juice from,probable,an orange.,0,He,0.0,False,allenai/OLMo-7B-0424-hf
57,He squeezed juice from,probable,an orange.,1,Ġsqueezed,-10.789852142333984,False,allenai/OLMo-7B-0424-hf
57,He squeezed juice from,probable,an orange.,2,Ġjuice,-10.998833656311035,False,allenai/OLMo-7B-0424-hf
57,He squeezed juice from,probable,an orange.,3,Ġfrom,-0.6438751220703125,False,allenai/OLMo-7B-0424-hf
57,He squeezed juice from,probable,an orange.,4,Ġan,-3.0781173706054688,True,allenai/OLMo-7B-0424-hf
57,He squeezed juice from,probable,an orange.,5,Ġorange,-0.21335601806640625,True,allenai/OLMo-7B-0424-hf
57,He squeezed juice from,probable,an orange.,6,.,-2.675081253051758,True,allenai/OLMo-7B-0424-hf
57,He squeezed juice from,improbable,meat.,0,He,0.0,False,allenai/OLMo-7B-0424-hf
57,He squeezed juice from,improbable,meat.,1,Ġsqueezed,-10.789856910705566,False,allenai/OLMo-7B-0424-hf
57,He squeezed juice from,improbable,meat.,2,Ġjuice,-10.998834609985352,False,allenai/OLMo-7B-0424-hf
57,He squeezed juice from,improbable,meat.,3,Ġfrom,-0.6438732147216797,False,allenai/OLMo-7B-0424-hf
57,He squeezed juice from,improbable,meat.,4,Ġmeat,-10.135595321655273,True,allenai/OLMo-7B-0424-hf
57,He squeezed juice from,improbable,meat.,5,.,-2.6588010787963867,True,allenai/OLMo-7B-0424-hf
57,He squeezed juice from,impossible,an envelope.,0,He,0.0,False,allenai/OLMo-7B-0424-hf
57,He squeezed juice from,impossible,an envelope.,1,Ġsqueezed,-10.789852142333984,False,allenai/OLMo-7B-0424-hf
57,He squeezed juice from,impossible,an envelope.,2,Ġjuice,-10.998833656311035,False,allenai/OLMo-7B-0424-hf
57,He squeezed juice from,impossible,an envelope.,3,Ġfrom,-0.6438751220703125,False,allenai/OLMo-7B-0424-hf
57,He squeezed juice from,impossible,an envelope.,4,Ġan,-3.0781173706054688,True,allenai/OLMo-7B-0424-hf
57,He squeezed juice from,impossible,an envelope.,5,Ġenvelope,-8.839203834533691,True,allenai/OLMo-7B-0424-hf
57,He squeezed juice from,impossible,an envelope.,6,.,-2.946014404296875,True,allenai/OLMo-7B-0424-hf
57,He squeezed juice from,inconceivable,a mumble.,0,He,0.0,False,allenai/OLMo-7B-0424-hf
57,He squeezed juice from,inconceivable,a mumble.,1,Ġsqueezed,-10.789852142333984,False,allenai/OLMo-7B-0424-hf
57,He squeezed juice from,inconceivable,a mumble.,2,Ġjuice,-10.998832702636719,False,allenai/OLMo-7B-0424-hf
57,He squeezed juice from,inconceivable,a mumble.,3,Ġfrom,-0.6438770294189453,False,allenai/OLMo-7B-0424-hf
57,He squeezed juice from,inconceivable,a mumble.,4,Ġa,-1.4382457733154297,True,allenai/OLMo-7B-0424-hf
57,He squeezed juice from,inconceivable,a mumble.,5,Ġm,-6.628061294555664,True,allenai/OLMo-7B-0424-hf
57,He squeezed juice from,inconceivable,a mumble.,6,umble,-9.92965316772461,True,allenai/OLMo-7B-0424-hf
57,He squeezed juice from,inconceivable,a mumble.,7,.,-4.500903129577637,True,allenai/OLMo-7B-0424-hf
57,He squeezed juice from,inconceivable_syntactic,did.,0,He,0.0,False,allenai/OLMo-7B-0424-hf
57,He squeezed juice from,inconceivable_syntactic,did.,1,Ġsqueezed,-10.789856910705566,False,allenai/OLMo-7B-0424-hf
57,He squeezed juice from,inconceivable_syntactic,did.,2,Ġjuice,-10.998834609985352,False,allenai/OLMo-7B-0424-hf
57,He squeezed juice from,inconceivable_syntactic,did.,3,Ġfrom,-0.6438732147216797,False,allenai/OLMo-7B-0424-hf
57,He squeezed juice from,inconceivable_syntactic,did.,4,Ġdid,-13.885396003723145,True,allenai/OLMo-7B-0424-hf
57,He squeezed juice from,inconceivable_syntactic,did.,5,.,-4.191550254821777,True,allenai/OLMo-7B-0424-hf
58,He squished a blueberry using,probable,his finger.,0,He,0.0,False,allenai/OLMo-7B-0424-hf
58,He squished a blueberry using,probable,his finger.,1,Ġsqu,-10.454980850219727,False,allenai/OLMo-7B-0424-hf
58,He squished a blueberry using,probable,his finger.,2,ished,-5.546661376953125,False,allenai/OLMo-7B-0424-hf
58,He squished a blueberry using,probable,his finger.,3,Ġa,-3.3575286865234375,False,allenai/OLMo-7B-0424-hf
58,He squished a blueberry using,probable,his finger.,4,Ġblue,-6.516973495483398,False,allenai/OLMo-7B-0424-hf
58,He squished a blueberry using,probable,his finger.,5,berry,-0.9982576370239258,False,allenai/OLMo-7B-0424-hf
58,He squished a blueberry using,probable,his finger.,6,Ġusing,-8.940179824829102,False,allenai/OLMo-7B-0424-hf
58,He squished a blueberry using,probable,his finger.,7,Ġhis,-0.5234851837158203,True,allenai/OLMo-7B-0424-hf
58,He squished a blueberry using,probable,his finger.,8,Ġfinger,-3.705911636352539,True,allenai/OLMo-7B-0424-hf
58,He squished a blueberry using,probable,his finger.,9,.,-1.3978939056396484,True,allenai/OLMo-7B-0424-hf
58,He squished a blueberry using,improbable,his nose.,0,He,0.0,False,allenai/OLMo-7B-0424-hf
58,He squished a blueberry using,improbable,his nose.,1,Ġsqu,-10.454980850219727,False,allenai/OLMo-7B-0424-hf
58,He squished a blueberry using,improbable,his nose.,2,ished,-5.546661376953125,False,allenai/OLMo-7B-0424-hf
58,He squished a blueberry using,improbable,his nose.,3,Ġa,-3.3575286865234375,False,allenai/OLMo-7B-0424-hf
58,He squished a blueberry using,improbable,his nose.,4,Ġblue,-6.516973495483398,False,allenai/OLMo-7B-0424-hf
58,He squished a blueberry using,improbable,his nose.,5,berry,-0.9982576370239258,False,allenai/OLMo-7B-0424-hf
58,He squished a blueberry using,improbable,his nose.,6,Ġusing,-8.940179824829102,False,allenai/OLMo-7B-0424-hf
58,He squished a blueberry using,improbable,his nose.,7,Ġhis,-0.5234851837158203,True,allenai/OLMo-7B-0424-hf
58,He squished a blueberry using,improbable,his nose.,8,Ġnose,-3.7392148971557617,True,allenai/OLMo-7B-0424-hf
58,He squished a blueberry using,improbable,his nose.,9,.,-1.0997390747070312,True,allenai/OLMo-7B-0424-hf
58,He squished a blueberry using,impossible,his breath.,0,He,0.0,False,allenai/OLMo-7B-0424-hf
58,He squished a blueberry using,impossible,his breath.,1,Ġsqu,-10.454980850219727,False,allenai/OLMo-7B-0424-hf
58,He squished a blueberry using,impossible,his breath.,2,ished,-5.546661376953125,False,allenai/OLMo-7B-0424-hf
58,He squished a blueberry using,impossible,his breath.,3,Ġa,-3.3575286865234375,False,allenai/OLMo-7B-0424-hf
58,He squished a blueberry using,impossible,his breath.,4,Ġblue,-6.516973495483398,False,allenai/OLMo-7B-0424-hf
58,He squished a blueberry using,impossible,his breath.,5,berry,-0.9982576370239258,False,allenai/OLMo-7B-0424-hf
58,He squished a blueberry using,impossible,his breath.,6,Ġusing,-8.940179824829102,False,allenai/OLMo-7B-0424-hf
58,He squished a blueberry using,impossible,his breath.,7,Ġhis,-0.5234851837158203,True,allenai/OLMo-7B-0424-hf
58,He squished a blueberry using,impossible,his breath.,8,Ġbreath,-6.910595893859863,True,allenai/OLMo-7B-0424-hf
58,He squished a blueberry using,impossible,his breath.,9,.,-1.4831295013427734,True,allenai/OLMo-7B-0424-hf
58,He squished a blueberry using,inconceivable,a sight.,0,He,0.0,False,allenai/OLMo-7B-0424-hf
58,He squished a blueberry using,inconceivable,a sight.,1,Ġsqu,-10.454980850219727,False,allenai/OLMo-7B-0424-hf
58,He squished a blueberry using,inconceivable,a sight.,2,ished,-5.546661376953125,False,allenai/OLMo-7B-0424-hf
58,He squished a blueberry using,inconceivable,a sight.,3,Ġa,-3.3575286865234375,False,allenai/OLMo-7B-0424-hf
58,He squished a blueberry using,inconceivable,a sight.,4,Ġblue,-6.516973495483398,False,allenai/OLMo-7B-0424-hf
58,He squished a blueberry using,inconceivable,a sight.,5,berry,-0.9982576370239258,False,allenai/OLMo-7B-0424-hf
58,He squished a blueberry using,inconceivable,a sight.,6,Ġusing,-8.940179824829102,False,allenai/OLMo-7B-0424-hf
58,He squished a blueberry using,inconceivable,a sight.,7,Ġa,-2.5753250122070312,True,allenai/OLMo-7B-0424-hf
58,He squished a blueberry using,inconceivable,a sight.,8,Ġsight,-11.142997741699219,True,allenai/OLMo-7B-0424-hf
58,He squished a blueberry using,inconceivable,a sight.,9,.,-4.048952102661133,True,allenai/OLMo-7B-0424-hf
58,He squished a blueberry using,inconceivable_syntactic,hence.,0,He,0.0,False,allenai/OLMo-7B-0424-hf
58,He squished a blueberry using,inconceivable_syntactic,hence.,1,Ġsqu,-10.454980850219727,False,allenai/OLMo-7B-0424-hf
58,He squished a blueberry using,inconceivable_syntactic,hence.,2,ished,-5.546661376953125,False,allenai/OLMo-7B-0424-hf
58,He squished a blueberry using,inconceivable_syntactic,hence.,3,Ġa,-3.3575286865234375,False,allenai/OLMo-7B-0424-hf
58,He squished a blueberry using,inconceivable_syntactic,hence.,4,Ġblue,-6.516973495483398,False,allenai/OLMo-7B-0424-hf
58,He squished a blueberry using,inconceivable_syntactic,hence.,5,berry,-0.9982576370239258,False,allenai/OLMo-7B-0424-hf
58,He squished a blueberry using,inconceivable_syntactic,hence.,6,Ġusing,-8.940179824829102,False,allenai/OLMo-7B-0424-hf
58,He squished a blueberry using,inconceivable_syntactic,hence.,7,Ġhence,-16.33978843688965,True,allenai/OLMo-7B-0424-hf
58,He squished a blueberry using,inconceivable_syntactic,hence.,8,.,-4.102146148681641,True,allenai/OLMo-7B-0424-hf
59,He started a fire using,probable,kindling.,0,He,0.0,False,allenai/OLMo-7B-0424-hf
59,He started a fire using,probable,kindling.,1,Ġstarted,-6.900883674621582,False,allenai/OLMo-7B-0424-hf
59,He started a fire using,probable,kindling.,2,Ġa,-3.552729606628418,False,allenai/OLMo-7B-0424-hf
59,He started a fire using,probable,kindling.,3,Ġfire,-4.451655387878418,False,allenai/OLMo-7B-0424-hf
59,He started a fire using,probable,kindling.,4,Ġusing,-5.21253776550293,False,allenai/OLMo-7B-0424-hf
59,He started a fire using,probable,kindling.,5,Ġkind,-4.487226486206055,True,allenai/OLMo-7B-0424-hf
59,He started a fire using,probable,kindling.,6,ling,-0.01837158203125,True,allenai/OLMo-7B-0424-hf
59,He started a fire using,probable,kindling.,7,.,-2.487306594848633,True,allenai/OLMo-7B-0424-hf
59,He started a fire using,improbable,furniture.,0,He,0.0,False,allenai/OLMo-7B-0424-hf
59,He started a fire using,improbable,furniture.,1,Ġstarted,-6.900884628295898,False,allenai/OLMo-7B-0424-hf
59,He started a fire using,improbable,furniture.,2,Ġa,-3.552727699279785,False,allenai/OLMo-7B-0424-hf
59,He started a fire using,improbable,furniture.,3,Ġfire,-4.451652526855469,False,allenai/OLMo-7B-0424-hf
59,He started a fire using,improbable,furniture.,4,Ġusing,-5.212533950805664,False,allenai/OLMo-7B-0424-hf
59,He started a fire using,improbable,furniture.,5,Ġfurniture,-8.37169361114502,True,allenai/OLMo-7B-0424-hf
59,He started a fire using,improbable,furniture.,6,.,-3.233999252319336,True,allenai/OLMo-7B-0424-hf
59,He started a fire using,impossible,milk.,0,He,0.0,False,allenai/OLMo-7B-0424-hf
59,He started a fire using,impossible,milk.,1,Ġstarted,-6.900884628295898,False,allenai/OLMo-7B-0424-hf
59,He started a fire using,impossible,milk.,2,Ġa,-3.552727699279785,False,allenai/OLMo-7B-0424-hf
59,He started a fire using,impossible,milk.,3,Ġfire,-4.451652526855469,False,allenai/OLMo-7B-0424-hf
59,He started a fire using,impossible,milk.,4,Ġusing,-5.212533950805664,False,allenai/OLMo-7B-0424-hf
59,He started a fire using,impossible,milk.,5,Ġmilk,-11.00260066986084,True,allenai/OLMo-7B-0424-hf
59,He started a fire using,impossible,milk.,6,.,-4.097377777099609,True,allenai/OLMo-7B-0424-hf
59,He started a fire using,inconceivable,humor.,0,He,0.0,False,allenai/OLMo-7B-0424-hf
59,He started a fire using,inconceivable,humor.,1,Ġstarted,-6.900884628295898,False,allenai/OLMo-7B-0424-hf
59,He started a fire using,inconceivable,humor.,2,Ġa,-3.552727699279785,False,allenai/OLMo-7B-0424-hf
59,He started a fire using,inconceivable,humor.,3,Ġfire,-4.451652526855469,False,allenai/OLMo-7B-0424-hf
59,He started a fire using,inconceivable,humor.,4,Ġusing,-5.212533950805664,False,allenai/OLMo-7B-0424-hf
59,He started a fire using,inconceivable,humor.,5,Ġhumor,-13.151311874389648,True,allenai/OLMo-7B-0424-hf
59,He started a fire using,inconceivable,humor.,6,.,-2.1908626556396484,True,allenai/OLMo-7B-0424-hf
59,He started a fire using,inconceivable_syntactic,again.,0,He,0.0,False,allenai/OLMo-7B-0424-hf
59,He started a fire using,inconceivable_syntactic,again.,1,Ġstarted,-6.900884628295898,False,allenai/OLMo-7B-0424-hf
59,He started a fire using,inconceivable_syntactic,again.,2,Ġa,-3.552727699279785,False,allenai/OLMo-7B-0424-hf
59,He started a fire using,inconceivable_syntactic,again.,3,Ġfire,-4.451652526855469,False,allenai/OLMo-7B-0424-hf
59,He started a fire using,inconceivable_syntactic,again.,4,Ġusing,-5.212533950805664,False,allenai/OLMo-7B-0424-hf
59,He started a fire using,inconceivable_syntactic,again.,5,Ġagain,-11.907453536987305,True,allenai/OLMo-7B-0424-hf
59,He started a fire using,inconceivable_syntactic,again.,6,.,-2.922762870788574,True,allenai/OLMo-7B-0424-hf
60,He stored dishes inside,probable,a cabinet.,0,He,0.0,False,allenai/OLMo-7B-0424-hf
60,He stored dishes inside,probable,a cabinet.,1,Ġstored,-11.188826560974121,False,allenai/OLMo-7B-0424-hf
60,He stored dishes inside,probable,a cabinet.,2,Ġdishes,-10.503602981567383,False,allenai/OLMo-7B-0424-hf
60,He stored dishes inside,probable,a cabinet.,3,Ġinside,-5.253852844238281,False,allenai/OLMo-7B-0424-hf
60,He stored dishes inside,probable,a cabinet.,4,Ġa,-2.28914737701416,True,allenai/OLMo-7B-0424-hf
60,He stored dishes inside,probable,a cabinet.,5,Ġcabinet,-2.9303760528564453,True,allenai/OLMo-7B-0424-hf
60,He stored dishes inside,probable,a cabinet.,6,.,-2.193753242492676,True,allenai/OLMo-7B-0424-hf
60,He stored dishes inside,improbable,an attic.,0,He,0.0,False,allenai/OLMo-7B-0424-hf
60,He stored dishes inside,improbable,an attic.,1,Ġstored,-11.188826560974121,False,allenai/OLMo-7B-0424-hf
60,He stored dishes inside,improbable,an attic.,2,Ġdishes,-10.503602981567383,False,allenai/OLMo-7B-0424-hf
60,He stored dishes inside,improbable,an attic.,3,Ġinside,-5.253852844238281,False,allenai/OLMo-7B-0424-hf
60,He stored dishes inside,improbable,an attic.,4,Ġan,-4.493376731872559,True,allenai/OLMo-7B-0424-hf
60,He stored dishes inside,improbable,an attic.,5,Ġattic,-5.799043655395508,True,allenai/OLMo-7B-0424-hf
60,He stored dishes inside,improbable,an attic.,6,.,-2.5868520736694336,True,allenai/OLMo-7B-0424-hf
60,He stored dishes inside,impossible,a thimble.,0,He,0.0,False,allenai/OLMo-7B-0424-hf
60,He stored dishes inside,impossible,a thimble.,1,Ġstored,-11.188825607299805,False,allenai/OLMo-7B-0424-hf
60,He stored dishes inside,impossible,a thimble.,2,Ġdishes,-10.50360107421875,False,allenai/OLMo-7B-0424-hf
60,He stored dishes inside,impossible,a thimble.,3,Ġinside,-5.253850936889648,False,allenai/OLMo-7B-0424-hf
60,He stored dishes inside,impossible,a thimble.,4,Ġa,-2.2891502380371094,True,allenai/OLMo-7B-0424-hf
60,He stored dishes inside,impossible,a thimble.,5,Ġth,-9.759838104248047,True,allenai/OLMo-7B-0424-hf
60,He stored dishes inside,impossible,a thimble.,6,im,-0.8260459899902344,True,allenai/OLMo-7B-0424-hf
60,He stored dishes inside,impossible,a thimble.,7,ble,-0.012821197509765625,True,allenai/OLMo-7B-0424-hf
60,He stored dishes inside,impossible,a thimble.,8,.,-2.0214576721191406,True,allenai/OLMo-7B-0424-hf
60,He stored dishes inside,inconceivable,an equation.,0,He,0.0,False,allenai/OLMo-7B-0424-hf
60,He stored dishes inside,inconceivable,an equation.,1,Ġstored,-11.188826560974121,False,allenai/OLMo-7B-0424-hf
60,He stored dishes inside,inconceivable,an equation.,2,Ġdishes,-10.503602981567383,False,allenai/OLMo-7B-0424-hf
60,He stored dishes inside,inconceivable,an equation.,3,Ġinside,-5.253852844238281,False,allenai/OLMo-7B-0424-hf
60,He stored dishes inside,inconceivable,an equation.,4,Ġan,-4.493376731872559,True,allenai/OLMo-7B-0424-hf
60,He stored dishes inside,inconceivable,an equation.,5,Ġequation,-11.50792121887207,True,allenai/OLMo-7B-0424-hf
60,He stored dishes inside,inconceivable,an equation.,6,.,-2.3041677474975586,True,allenai/OLMo-7B-0424-hf
60,He stored dishes inside,inconceivable_syntactic,quite.,0,He,0.0,False,allenai/OLMo-7B-0424-hf
60,He stored dishes inside,inconceivable_syntactic,quite.,1,Ġstored,-11.188823699951172,False,allenai/OLMo-7B-0424-hf
60,He stored dishes inside,inconceivable_syntactic,quite.,2,Ġdishes,-10.5036039352417,False,allenai/OLMo-7B-0424-hf
60,He stored dishes inside,inconceivable_syntactic,quite.,3,Ġinside,-5.253852844238281,False,allenai/OLMo-7B-0424-hf
60,He stored dishes inside,inconceivable_syntactic,quite.,4,Ġquite,-10.53001594543457,True,allenai/OLMo-7B-0424-hf
60,He stored dishes inside,inconceivable_syntactic,quite.,5,.,-5.808856964111328,True,allenai/OLMo-7B-0424-hf
61,He took a vacation to,probable,the beach.,0,He,0.0,False,allenai/OLMo-7B-0424-hf
61,He took a vacation to,probable,the beach.,1,Ġtook,-5.004462242126465,False,allenai/OLMo-7B-0424-hf
61,He took a vacation to,probable,the beach.,2,Ġa,-1.613520622253418,False,allenai/OLMo-7B-0424-hf
61,He took a vacation to,probable,the beach.,3,Ġvacation,-8.0280122756958,False,allenai/OLMo-7B-0424-hf
61,He took a vacation to,probable,the beach.,4,Ġto,-1.6109123229980469,False,allenai/OLMo-7B-0424-hf
61,He took a vacation to,probable,the beach.,5,Ġthe,-2.1373367309570312,True,allenai/OLMo-7B-0424-hf
61,He took a vacation to,probable,the beach.,6,Ġbeach,-2.5593605041503906,True,allenai/OLMo-7B-0424-hf
61,He took a vacation to,probable,the beach.,7,.,-2.044081687927246,True,allenai/OLMo-7B-0424-hf
61,He took a vacation to,improbable,the desert.,0,He,0.0,False,allenai/OLMo-7B-0424-hf
61,He took a vacation to,improbable,the desert.,1,Ġtook,-5.004462242126465,False,allenai/OLMo-7B-0424-hf
61,He took a vacation to,improbable,the desert.,2,Ġa,-1.613520622253418,False,allenai/OLMo-7B-0424-hf
61,He took a vacation to,improbable,the desert.,3,Ġvacation,-8.0280122756958,False,allenai/OLMo-7B-0424-hf
61,He took a vacation to,improbable,the desert.,4,Ġto,-1.6109123229980469,False,allenai/OLMo-7B-0424-hf
61,He took a vacation to,improbable,the desert.,5,Ġthe,-2.1373367309570312,True,allenai/OLMo-7B-0424-hf
61,He took a vacation to,improbable,the desert.,6,Ġdesert,-5.470869064331055,True,allenai/OLMo-7B-0424-hf
61,He took a vacation to,improbable,the desert.,7,.,-2.2361412048339844,True,allenai/OLMo-7B-0424-hf
61,He took a vacation to,impossible,the sun.,0,He,0.0,False,allenai/OLMo-7B-0424-hf
61,He took a vacation to,impossible,the sun.,1,Ġtook,-5.004462242126465,False,allenai/OLMo-7B-0424-hf
61,He took a vacation to,impossible,the sun.,2,Ġa,-1.613520622253418,False,allenai/OLMo-7B-0424-hf
61,He took a vacation to,impossible,the sun.,3,Ġvacation,-8.0280122756958,False,allenai/OLMo-7B-0424-hf
61,He took a vacation to,impossible,the sun.,4,Ġto,-1.6109123229980469,False,allenai/OLMo-7B-0424-hf
61,He took a vacation to,impossible,the sun.,5,Ġthe,-2.1373367309570312,True,allenai/OLMo-7B-0424-hf
61,He took a vacation to,impossible,the sun.,6,Ġsun,-5.694024085998535,True,allenai/OLMo-7B-0424-hf
61,He took a vacation to,impossible,the sun.,7,.,-2.3455066680908203,True,allenai/OLMo-7B-0424-hf
61,He took a vacation to,inconceivable,a verb.,0,He,0.0,False,allenai/OLMo-7B-0424-hf
61,He took a vacation to,inconceivable,a verb.,1,Ġtook,-5.004462242126465,False,allenai/OLMo-7B-0424-hf
61,He took a vacation to,inconceivable,a verb.,2,Ġa,-1.613520622253418,False,allenai/OLMo-7B-0424-hf
61,He took a vacation to,inconceivable,a verb.,3,Ġvacation,-8.0280122756958,False,allenai/OLMo-7B-0424-hf
61,He took a vacation to,inconceivable,a verb.,4,Ġto,-1.6109123229980469,False,allenai/OLMo-7B-0424-hf
61,He took a vacation to,inconceivable,a verb.,5,Ġa,-3.6045570373535156,True,allenai/OLMo-7B-0424-hf
61,He took a vacation to,inconceivable,a verb.,6,Ġverb,-14.301207542419434,True,allenai/OLMo-7B-0424-hf
61,He took a vacation to,inconceivable,a verb.,7,.,-1.823995590209961,True,allenai/OLMo-7B-0424-hf
61,He took a vacation to,inconceivable_syntactic,while.,0,He,0.0,False,allenai/OLMo-7B-0424-hf
61,He took a vacation to,inconceivable_syntactic,while.,1,Ġtook,-5.004462242126465,False,allenai/OLMo-7B-0424-hf
61,He took a vacation to,inconceivable_syntactic,while.,2,Ġa,-1.6135187149047852,False,allenai/OLMo-7B-0424-hf
61,He took a vacation to,inconceivable_syntactic,while.,3,Ġvacation,-8.028010368347168,False,allenai/OLMo-7B-0424-hf
61,He took a vacation to,inconceivable_syntactic,while.,4,Ġto,-1.6109113693237305,False,allenai/OLMo-7B-0424-hf
61,He took a vacation to,inconceivable_syntactic,while.,5,Ġwhile,-12.033771514892578,True,allenai/OLMo-7B-0424-hf
61,He took a vacation to,inconceivable_syntactic,while.,6,.,-6.386201858520508,True,allenai/OLMo-7B-0424-hf
62,He tightened a bolt using,probable,a wrench.,0,He,0.0,False,allenai/OLMo-7B-0424-hf
62,He tightened a bolt using,probable,a wrench.,1,Ġtightened,-11.4852933883667,False,allenai/OLMo-7B-0424-hf
62,He tightened a bolt using,probable,a wrench.,2,Ġa,-4.949077606201172,False,allenai/OLMo-7B-0424-hf
62,He tightened a bolt using,probable,a wrench.,3,Ġbolt,-7.2714338302612305,False,allenai/OLMo-7B-0424-hf
62,He tightened a bolt using,probable,a wrench.,4,Ġusing,-6.96965217590332,False,allenai/OLMo-7B-0424-hf
62,He tightened a bolt using,probable,a wrench.,5,Ġa,-0.5293712615966797,True,allenai/OLMo-7B-0424-hf
62,He tightened a bolt using,probable,a wrench.,6,Ġw,-1.6915550231933594,True,allenai/OLMo-7B-0424-hf
62,He tightened a bolt using,probable,a wrench.,7,rench,-0.002777099609375,True,allenai/OLMo-7B-0424-hf
62,He tightened a bolt using,probable,a wrench.,8,.,-1.0227479934692383,True,allenai/OLMo-7B-0424-hf
62,He tightened a bolt using,improbable,chopsticks.,0,He,0.0,False,allenai/OLMo-7B-0424-hf
62,He tightened a bolt using,improbable,chopsticks.,1,Ġtightened,-11.4852933883667,False,allenai/OLMo-7B-0424-hf
62,He tightened a bolt using,improbable,chopsticks.,2,Ġa,-4.949077606201172,False,allenai/OLMo-7B-0424-hf
62,He tightened a bolt using,improbable,chopsticks.,3,Ġbolt,-7.2714338302612305,False,allenai/OLMo-7B-0424-hf
62,He tightened a bolt using,improbable,chopsticks.,4,Ġusing,-6.96965217590332,False,allenai/OLMo-7B-0424-hf
62,He tightened a bolt using,improbable,chopsticks.,5,Ġchop,-11.899629592895508,True,allenai/OLMo-7B-0424-hf
62,He tightened a bolt using,improbable,chopsticks.,6,st,-0.1450366973876953,True,allenai/OLMo-7B-0424-hf
62,He tightened a bolt using,improbable,chopsticks.,7,icks,-0.000919342041015625,True,allenai/OLMo-7B-0424-hf
62,He tightened a bolt using,improbable,chopsticks.,8,.,-1.2201261520385742,True,allenai/OLMo-7B-0424-hf
62,He tightened a bolt using,impossible,a house.,0,He,0.0,False,allenai/OLMo-7B-0424-hf
62,He tightened a bolt using,impossible,a house.,1,Ġtightened,-11.485288619995117,False,allenai/OLMo-7B-0424-hf
62,He tightened a bolt using,impossible,a house.,2,Ġa,-4.9490766525268555,False,allenai/OLMo-7B-0424-hf
62,He tightened a bolt using,impossible,a house.,3,Ġbolt,-7.271428108215332,False,allenai/OLMo-7B-0424-hf
62,He tightened a bolt using,impossible,a house.,4,Ġusing,-6.969657897949219,False,allenai/OLMo-7B-0424-hf
62,He tightened a bolt using,impossible,a house.,5,Ġa,-0.5293674468994141,True,allenai/OLMo-7B-0424-hf
62,He tightened a bolt using,impossible,a house.,6,Ġhouse,-10.900012969970703,True,allenai/OLMo-7B-0424-hf
62,He tightened a bolt using,impossible,a house.,7,.,-4.027915954589844,True,allenai/OLMo-7B-0424-hf
62,He tightened a bolt using,inconceivable,a dream.,0,He,0.0,False,allenai/OLMo-7B-0424-hf
62,He tightened a bolt using,inconceivable,a dream.,1,Ġtightened,-11.485288619995117,False,allenai/OLMo-7B-0424-hf
62,He tightened a bolt using,inconceivable,a dream.,2,Ġa,-4.9490766525268555,False,allenai/OLMo-7B-0424-hf
62,He tightened a bolt using,inconceivable,a dream.,3,Ġbolt,-7.271428108215332,False,allenai/OLMo-7B-0424-hf
62,He tightened a bolt using,inconceivable,a dream.,4,Ġusing,-6.969657897949219,False,allenai/OLMo-7B-0424-hf
62,He tightened a bolt using,inconceivable,a dream.,5,Ġa,-0.5293674468994141,True,allenai/OLMo-7B-0424-hf
62,He tightened a bolt using,inconceivable,a dream.,6,Ġdream,-11.577771186828613,True,allenai/OLMo-7B-0424-hf
62,He tightened a bolt using,inconceivable,a dream.,7,.,-2.5293312072753906,True,allenai/OLMo-7B-0424-hf
62,He tightened a bolt using,inconceivable_syntactic,put.,0,He,0.0,False,allenai/OLMo-7B-0424-hf
62,He tightened a bolt using,inconceivable_syntactic,put.,1,Ġtightened,-11.485289573669434,False,allenai/OLMo-7B-0424-hf
62,He tightened a bolt using,inconceivable_syntactic,put.,2,Ġa,-4.94907283782959,False,allenai/OLMo-7B-0424-hf
62,He tightened a bolt using,inconceivable_syntactic,put.,3,Ġbolt,-7.271429061889648,False,allenai/OLMo-7B-0424-hf
62,He tightened a bolt using,inconceivable_syntactic,put.,4,Ġusing,-6.969654083251953,False,allenai/OLMo-7B-0424-hf
62,He tightened a bolt using,inconceivable_syntactic,put.,5,Ġput,-10.742185592651367,True,allenai/OLMo-7B-0424-hf
62,He tightened a bolt using,inconceivable_syntactic,put.,6,.,-8.624016761779785,True,allenai/OLMo-7B-0424-hf
63,He turned an apple into,probable,a pie.,0,He,0.0,False,allenai/OLMo-7B-0424-hf
63,He turned an apple into,probable,a pie.,1,Ġturned,-7.194988250732422,False,allenai/OLMo-7B-0424-hf
63,He turned an apple into,probable,a pie.,2,Ġan,-6.620309829711914,False,allenai/OLMo-7B-0424-hf
63,He turned an apple into,probable,a pie.,3,Ġapple,-6.680054664611816,False,allenai/OLMo-7B-0424-hf
63,He turned an apple into,probable,a pie.,4,Ġinto,-1.8696861267089844,False,allenai/OLMo-7B-0424-hf
63,He turned an apple into,probable,a pie.,5,Ġa,-0.5763521194458008,True,allenai/OLMo-7B-0424-hf
63,He turned an apple into,probable,a pie.,6,Ġpie,-3.6025075912475586,True,allenai/OLMo-7B-0424-hf
63,He turned an apple into,probable,a pie.,7,.,-1.247781753540039,True,allenai/OLMo-7B-0424-hf
63,He turned an apple into,improbable,a salad.,0,He,0.0,False,allenai/OLMo-7B-0424-hf
63,He turned an apple into,improbable,a salad.,1,Ġturned,-7.194988250732422,False,allenai/OLMo-7B-0424-hf
63,He turned an apple into,improbable,a salad.,2,Ġan,-6.620309829711914,False,allenai/OLMo-7B-0424-hf
63,He turned an apple into,improbable,a salad.,3,Ġapple,-6.680054664611816,False,allenai/OLMo-7B-0424-hf
63,He turned an apple into,improbable,a salad.,4,Ġinto,-1.8696861267089844,False,allenai/OLMo-7B-0424-hf
63,He turned an apple into,improbable,a salad.,5,Ġa,-0.5763521194458008,True,allenai/OLMo-7B-0424-hf
63,He turned an apple into,improbable,a salad.,6,Ġsalad,-7.599852561950684,True,allenai/OLMo-7B-0424-hf
63,He turned an apple into,improbable,a salad.,7,.,-1.3275251388549805,True,allenai/OLMo-7B-0424-hf
63,He turned an apple into,impossible,a cherry.,0,He,0.0,False,allenai/OLMo-7B-0424-hf
63,He turned an apple into,impossible,a cherry.,1,Ġturned,-7.194988250732422,False,allenai/OLMo-7B-0424-hf
63,He turned an apple into,impossible,a cherry.,2,Ġan,-6.620309829711914,False,allenai/OLMo-7B-0424-hf
63,He turned an apple into,impossible,a cherry.,3,Ġapple,-6.680054664611816,False,allenai/OLMo-7B-0424-hf
63,He turned an apple into,impossible,a cherry.,4,Ġinto,-1.8696861267089844,False,allenai/OLMo-7B-0424-hf
63,He turned an apple into,impossible,a cherry.,5,Ġa,-0.5763521194458008,True,allenai/OLMo-7B-0424-hf
63,He turned an apple into,impossible,a cherry.,6,Ġcherry,-5.899418830871582,True,allenai/OLMo-7B-0424-hf
63,He turned an apple into,impossible,a cherry.,7,.,-1.751861572265625,True,allenai/OLMo-7B-0424-hf
63,He turned an apple into,inconceivable,honesty.,0,He,0.0,False,allenai/OLMo-7B-0424-hf
63,He turned an apple into,inconceivable,honesty.,1,Ġturned,-7.1949920654296875,False,allenai/OLMo-7B-0424-hf
63,He turned an apple into,inconceivable,honesty.,2,Ġan,-6.620312690734863,False,allenai/OLMo-7B-0424-hf
63,He turned an apple into,inconceivable,honesty.,3,Ġapple,-6.680059432983398,False,allenai/OLMo-7B-0424-hf
63,He turned an apple into,inconceivable,honesty.,4,Ġinto,-1.8696832656860352,False,allenai/OLMo-7B-0424-hf
63,He turned an apple into,inconceivable,honesty.,5,Ġhonesty,-13.12993049621582,True,allenai/OLMo-7B-0424-hf
63,He turned an apple into,inconceivable,honesty.,6,.,-1.402531623840332,True,allenai/OLMo-7B-0424-hf
63,He turned an apple into,inconceivable_syntactic,below.,0,He,0.0,False,allenai/OLMo-7B-0424-hf
63,He turned an apple into,inconceivable_syntactic,below.,1,Ġturned,-7.1949920654296875,False,allenai/OLMo-7B-0424-hf
63,He turned an apple into,inconceivable_syntactic,below.,2,Ġan,-6.620312690734863,False,allenai/OLMo-7B-0424-hf
63,He turned an apple into,inconceivable_syntactic,below.,3,Ġapple,-6.680059432983398,False,allenai/OLMo-7B-0424-hf
63,He turned an apple into,inconceivable_syntactic,below.,4,Ġinto,-1.8696832656860352,False,allenai/OLMo-7B-0424-hf
63,He turned an apple into,inconceivable_syntactic,below.,5,Ġbelow,-14.387662887573242,True,allenai/OLMo-7B-0424-hf
63,He turned an apple into,inconceivable_syntactic,below.,6,.,-2.5123395919799805,True,allenai/OLMo-7B-0424-hf
64,He unlocked a door using,probable,a key.,0,He,0.0,False,allenai/OLMo-7B-0424-hf
64,He unlocked a door using,probable,a key.,1,Ġunlocked,-11.410029411315918,False,allenai/OLMo-7B-0424-hf
64,He unlocked a door using,probable,a key.,2,Ġa,-2.2970619201660156,False,allenai/OLMo-7B-0424-hf
64,He unlocked a door using,probable,a key.,3,Ġdoor,-2.200450897216797,False,allenai/OLMo-7B-0424-hf
64,He unlocked a door using,probable,a key.,4,Ġusing,-6.9983625411987305,False,allenai/OLMo-7B-0424-hf
64,He unlocked a door using,probable,a key.,5,Ġa,-1.0276432037353516,True,allenai/OLMo-7B-0424-hf
64,He unlocked a door using,probable,a key.,6,Ġkey,-1.429133415222168,True,allenai/OLMo-7B-0424-hf
64,He unlocked a door using,probable,a key.,7,.,-1.760345458984375,True,allenai/OLMo-7B-0424-hf
64,He unlocked a door using,improbable,a screwdriver.,0,He,0.0,False,allenai/OLMo-7B-0424-hf
64,He unlocked a door using,improbable,a screwdriver.,1,Ġunlocked,-11.410041809082031,False,allenai/OLMo-7B-0424-hf
64,He unlocked a door using,improbable,a screwdriver.,2,Ġa,-2.297077178955078,False,allenai/OLMo-7B-0424-hf
64,He unlocked a door using,improbable,a screwdriver.,3,Ġdoor,-2.2004480361938477,False,allenai/OLMo-7B-0424-hf
64,He unlocked a door using,improbable,a screwdriver.,4,Ġusing,-6.998358726501465,False,allenai/OLMo-7B-0424-hf
64,He unlocked a door using,improbable,a screwdriver.,5,Ġa,-1.0276365280151367,True,allenai/OLMo-7B-0424-hf
64,He unlocked a door using,improbable,a screwdriver.,6,Ġscrew,-5.200342178344727,True,allenai/OLMo-7B-0424-hf
64,He unlocked a door using,improbable,a screwdriver.,7,driver,-0.06756401062011719,True,allenai/OLMo-7B-0424-hf
64,He unlocked a door using,improbable,a screwdriver.,8,.,-1.541116714477539,True,allenai/OLMo-7B-0424-hf
64,He unlocked a door using,impossible,a marshmallow.,0,He,0.0,False,allenai/OLMo-7B-0424-hf
64,He unlocked a door using,impossible,a marshmallow.,1,Ġunlocked,-11.410041809082031,False,allenai/OLMo-7B-0424-hf
64,He unlocked a door using,impossible,a marshmallow.,2,Ġa,-2.297077178955078,False,allenai/OLMo-7B-0424-hf
64,He unlocked a door using,impossible,a marshmallow.,3,Ġdoor,-2.2004480361938477,False,allenai/OLMo-7B-0424-hf
64,He unlocked a door using,impossible,a marshmallow.,4,Ġusing,-6.998358726501465,False,allenai/OLMo-7B-0424-hf
64,He unlocked a door using,impossible,a marshmallow.,5,Ġa,-1.0276365280151367,True,allenai/OLMo-7B-0424-hf
64,He unlocked a door using,impossible,a marshmallow.,6,Ġmarsh,-13.125778198242188,True,allenai/OLMo-7B-0424-hf
64,He unlocked a door using,impossible,a marshmallow.,7,m,-0.065277099609375,True,allenai/OLMo-7B-0424-hf
64,He unlocked a door using,impossible,a marshmallow.,8,allow,-0.04258155822753906,True,allenai/OLMo-7B-0424-hf
64,He unlocked a door using,impossible,a marshmallow.,9,.,-1.6592788696289062,True,allenai/OLMo-7B-0424-hf
64,He unlocked a door using,inconceivable,a lie.,0,He,0.0,False,allenai/OLMo-7B-0424-hf
64,He unlocked a door using,inconceivable,a lie.,1,Ġunlocked,-11.410029411315918,False,allenai/OLMo-7B-0424-hf
64,He unlocked a door using,inconceivable,a lie.,2,Ġa,-2.2970619201660156,False,allenai/OLMo-7B-0424-hf
64,He unlocked a door using,inconceivable,a lie.,3,Ġdoor,-2.200450897216797,False,allenai/OLMo-7B-0424-hf
64,He unlocked a door using,inconceivable,a lie.,4,Ġusing,-6.9983625411987305,False,allenai/OLMo-7B-0424-hf
64,He unlocked a door using,inconceivable,a lie.,5,Ġa,-1.0276432037353516,True,allenai/OLMo-7B-0424-hf
64,He unlocked a door using,inconceivable,a lie.,6,Ġlie,-11.179516792297363,True,allenai/OLMo-7B-0424-hf
64,He unlocked a door using,inconceivable,a lie.,7,.,-1.633112907409668,True,allenai/OLMo-7B-0424-hf
64,He unlocked a door using,inconceivable_syntactic,off.,0,He,0.0,False,allenai/OLMo-7B-0424-hf
64,He unlocked a door using,inconceivable_syntactic,off.,1,Ġunlocked,-11.41003131866455,False,allenai/OLMo-7B-0424-hf
64,He unlocked a door using,inconceivable_syntactic,off.,2,Ġa,-2.297079086303711,False,allenai/OLMo-7B-0424-hf
64,He unlocked a door using,inconceivable_syntactic,off.,3,Ġdoor,-2.2004499435424805,False,allenai/OLMo-7B-0424-hf
64,He unlocked a door using,inconceivable_syntactic,off.,4,Ġusing,-6.998361587524414,False,allenai/OLMo-7B-0424-hf
64,He unlocked a door using,inconceivable_syntactic,off.,5,Ġoff,-11.018744468688965,True,allenai/OLMo-7B-0424-hf
64,He unlocked a door using,inconceivable_syntactic,off.,6,.,-6.009283065795898,True,allenai/OLMo-7B-0424-hf
65,He washed his hair using,probable,shampoo.,0,He,0.0,False,allenai/OLMo-7B-0424-hf
65,He washed his hair using,probable,shampoo.,1,Ġwashed,-10.153068542480469,False,allenai/OLMo-7B-0424-hf
65,He washed his hair using,probable,shampoo.,2,Ġhis,-0.726841926574707,False,allenai/OLMo-7B-0424-hf
65,He washed his hair using,probable,shampoo.,3,Ġhair,-4.030784606933594,False,allenai/OLMo-7B-0424-hf
65,He washed his hair using,probable,shampoo.,4,Ġusing,-6.458148956298828,False,allenai/OLMo-7B-0424-hf
65,He washed his hair using,probable,shampoo.,5,Ġsh,-3.165432929992676,True,allenai/OLMo-7B-0424-hf
65,He washed his hair using,probable,shampoo.,6,amp,-0.05228996276855469,True,allenai/OLMo-7B-0424-hf
65,He washed his hair using,probable,shampoo.,7,oo,-0.015153884887695312,True,allenai/OLMo-7B-0424-hf
65,He washed his hair using,probable,shampoo.,8,.,-2.3991050720214844,True,allenai/OLMo-7B-0424-hf
65,He washed his hair using,improbable,detergent.,0,He,0.0,False,allenai/OLMo-7B-0424-hf
65,He washed his hair using,improbable,detergent.,1,Ġwashed,-10.153064727783203,False,allenai/OLMo-7B-0424-hf
65,He washed his hair using,improbable,detergent.,2,Ġhis,-0.7268409729003906,False,allenai/OLMo-7B-0424-hf
65,He washed his hair using,improbable,detergent.,3,Ġhair,-4.03078556060791,False,allenai/OLMo-7B-0424-hf
65,He washed his hair using,improbable,detergent.,4,Ġusing,-6.458147048950195,False,allenai/OLMo-7B-0424-hf
65,He washed his hair using,improbable,detergent.,5,Ġdetergent,-6.650759696960449,True,allenai/OLMo-7B-0424-hf
65,He washed his hair using,improbable,detergent.,6,.,-2.3982620239257812,True,allenai/OLMo-7B-0424-hf
65,He washed his hair using,impossible,a rainbow.,0,He,0.0,False,allenai/OLMo-7B-0424-hf
65,He washed his hair using,impossible,a rainbow.,1,Ġwashed,-10.15306282043457,False,allenai/OLMo-7B-0424-hf
65,He washed his hair using,impossible,a rainbow.,2,Ġhis,-0.7268466949462891,False,allenai/OLMo-7B-0424-hf
65,He washed his hair using,impossible,a rainbow.,3,Ġhair,-4.030786514282227,False,allenai/OLMo-7B-0424-hf
65,He washed his hair using,impossible,a rainbow.,4,Ġusing,-6.458138465881348,False,allenai/OLMo-7B-0424-hf
65,He washed his hair using,impossible,a rainbow.,5,Ġa,-1.4573774337768555,True,allenai/OLMo-7B-0424-hf
65,He washed his hair using,impossible,a rainbow.,6,Ġrainbow,-9.763071060180664,True,allenai/OLMo-7B-0424-hf
65,He washed his hair using,impossible,a rainbow.,7,.,-4.2988128662109375,True,allenai/OLMo-7B-0424-hf
65,He washed his hair using,inconceivable,applause.,0,He,0.0,False,allenai/OLMo-7B-0424-hf
65,He washed his hair using,inconceivable,applause.,1,Ġwashed,-10.153064727783203,False,allenai/OLMo-7B-0424-hf
65,He washed his hair using,inconceivable,applause.,2,Ġhis,-0.7268409729003906,False,allenai/OLMo-7B-0424-hf
65,He washed his hair using,inconceivable,applause.,3,Ġhair,-4.03078556060791,False,allenai/OLMo-7B-0424-hf
65,He washed his hair using,inconceivable,applause.,4,Ġusing,-6.458147048950195,False,allenai/OLMo-7B-0424-hf
65,He washed his hair using,inconceivable,applause.,5,Ġapplause,-14.06016731262207,True,allenai/OLMo-7B-0424-hf
65,He washed his hair using,inconceivable,applause.,6,.,-2.0355520248413086,True,allenai/OLMo-7B-0424-hf
65,He washed his hair using,inconceivable_syntactic,if.,0,He,0.0,False,allenai/OLMo-7B-0424-hf
65,He washed his hair using,inconceivable_syntactic,if.,1,Ġwashed,-10.153064727783203,False,allenai/OLMo-7B-0424-hf
65,He washed his hair using,inconceivable_syntactic,if.,2,Ġhis,-0.7268409729003906,False,allenai/OLMo-7B-0424-hf
65,He washed his hair using,inconceivable_syntactic,if.,3,Ġhair,-4.03078556060791,False,allenai/OLMo-7B-0424-hf
65,He washed his hair using,inconceivable_syntactic,if.,4,Ġusing,-6.458147048950195,False,allenai/OLMo-7B-0424-hf
65,He washed his hair using,inconceivable_syntactic,if.,5,Ġif,-11.335286140441895,True,allenai/OLMo-7B-0424-hf
65,He washed his hair using,inconceivable_syntactic,if.,6,.,-4.60578727722168,True,allenai/OLMo-7B-0424-hf
66,He wore shoes made of,probable,leather.,0,He,0.0,False,allenai/OLMo-7B-0424-hf
66,He wore shoes made of,probable,leather.,1,Ġwore,-8.880325317382812,False,allenai/OLMo-7B-0424-hf
66,He wore shoes made of,probable,leather.,2,Ġshoes,-6.688569068908691,False,allenai/OLMo-7B-0424-hf
66,He wore shoes made of,probable,leather.,3,Ġmade,-3.7985010147094727,False,allenai/OLMo-7B-0424-hf
66,He wore shoes made of,probable,leather.,4,Ġof,-0.770416259765625,False,allenai/OLMo-7B-0424-hf
66,He wore shoes made of,probable,leather.,5,Ġleather,-2.562274932861328,True,allenai/OLMo-7B-0424-hf
66,He wore shoes made of,probable,leather.,6,.,-1.6093616485595703,True,allenai/OLMo-7B-0424-hf
66,He wore shoes made of,improbable,wood.,0,He,0.0,False,allenai/OLMo-7B-0424-hf
66,He wore shoes made of,improbable,wood.,1,Ġwore,-8.880325317382812,False,allenai/OLMo-7B-0424-hf
66,He wore shoes made of,improbable,wood.,2,Ġshoes,-6.688569068908691,False,allenai/OLMo-7B-0424-hf
66,He wore shoes made of,improbable,wood.,3,Ġmade,-3.7985010147094727,False,allenai/OLMo-7B-0424-hf
66,He wore shoes made of,improbable,wood.,4,Ġof,-0.770416259765625,False,allenai/OLMo-7B-0424-hf
66,He wore shoes made of,improbable,wood.,5,Ġwood,-3.6246910095214844,True,allenai/OLMo-7B-0424-hf
66,He wore shoes made of,improbable,wood.,6,.,-1.354705810546875,True,allenai/OLMo-7B-0424-hf
66,He wore shoes made of,impossible,stars.,0,He,0.0,False,allenai/OLMo-7B-0424-hf
66,He wore shoes made of,impossible,stars.,1,Ġwore,-8.880325317382812,False,allenai/OLMo-7B-0424-hf
66,He wore shoes made of,impossible,stars.,2,Ġshoes,-6.688569068908691,False,allenai/OLMo-7B-0424-hf
66,He wore shoes made of,impossible,stars.,3,Ġmade,-3.7985010147094727,False,allenai/OLMo-7B-0424-hf
66,He wore shoes made of,impossible,stars.,4,Ġof,-0.770416259765625,False,allenai/OLMo-7B-0424-hf
66,He wore shoes made of,impossible,stars.,5,Ġstars,-7.74075174331665,True,allenai/OLMo-7B-0424-hf
66,He wore shoes made of,impossible,stars.,6,.,-1.2837104797363281,True,allenai/OLMo-7B-0424-hf
66,He wore shoes made of,inconceivable,traffic.,0,He,0.0,False,allenai/OLMo-7B-0424-hf
66,He wore shoes made of,inconceivable,traffic.,1,Ġwore,-8.880325317382812,False,allenai/OLMo-7B-0424-hf
66,He wore shoes made of,inconceivable,traffic.,2,Ġshoes,-6.688569068908691,False,allenai/OLMo-7B-0424-hf
66,He wore shoes made of,inconceivable,traffic.,3,Ġmade,-3.7985010147094727,False,allenai/OLMo-7B-0424-hf
66,He wore shoes made of,inconceivable,traffic.,4,Ġof,-0.770416259765625,False,allenai/OLMo-7B-0424-hf
66,He wore shoes made of,inconceivable,traffic.,5,Ġtraffic,-11.67507553100586,True,allenai/OLMo-7B-0424-hf
66,He wore shoes made of,inconceivable,traffic.,6,.,-4.618504524230957,True,allenai/OLMo-7B-0424-hf
66,He wore shoes made of,inconceivable_syntactic,there.,0,He,0.0,False,allenai/OLMo-7B-0424-hf
66,He wore shoes made of,inconceivable_syntactic,there.,1,Ġwore,-8.880325317382812,False,allenai/OLMo-7B-0424-hf
66,He wore shoes made of,inconceivable_syntactic,there.,2,Ġshoes,-6.688569068908691,False,allenai/OLMo-7B-0424-hf
66,He wore shoes made of,inconceivable_syntactic,there.,3,Ġmade,-3.7985010147094727,False,allenai/OLMo-7B-0424-hf
66,He wore shoes made of,inconceivable_syntactic,there.,4,Ġof,-0.770416259765625,False,allenai/OLMo-7B-0424-hf
66,He wore shoes made of,inconceivable_syntactic,there.,5,Ġthere,-10.789712905883789,True,allenai/OLMo-7B-0424-hf
66,He wore shoes made of,inconceivable_syntactic,there.,6,.,-2.204690933227539,True,allenai/OLMo-7B-0424-hf
67,He wrapped a present using,probable,paper.,0,He,0.0,False,allenai/OLMo-7B-0424-hf
67,He wrapped a present using,probable,paper.,1,Ġwrapped,-11.190309524536133,False,allenai/OLMo-7B-0424-hf
67,He wrapped a present using,probable,paper.,2,Ġa,-3.6012916564941406,False,allenai/OLMo-7B-0424-hf
67,He wrapped a present using,probable,paper.,3,Ġpresent,-7.904047012329102,False,allenai/OLMo-7B-0424-hf
67,He wrapped a present using,probable,paper.,4,Ġusing,-7.593620300292969,False,allenai/OLMo-7B-0424-hf
67,He wrapped a present using,probable,paper.,5,Ġpaper,-4.161672592163086,True,allenai/OLMo-7B-0424-hf
67,He wrapped a present using,probable,paper.,6,.,-3.5974788665771484,True,allenai/OLMo-7B-0424-hf
67,He wrapped a present using,improbable,a dress.,0,He,0.0,False,allenai/OLMo-7B-0424-hf
67,He wrapped a present using,improbable,a dress.,1,Ġwrapped,-11.1903076171875,False,allenai/OLMo-7B-0424-hf
67,He wrapped a present using,improbable,a dress.,2,Ġa,-3.601284980773926,False,allenai/OLMo-7B-0424-hf
67,He wrapped a present using,improbable,a dress.,3,Ġpresent,-7.904044151306152,False,allenai/OLMo-7B-0424-hf
67,He wrapped a present using,improbable,a dress.,4,Ġusing,-7.593616485595703,False,allenai/OLMo-7B-0424-hf
67,He wrapped a present using,improbable,a dress.,5,Ġa,-1.661458969116211,True,allenai/OLMo-7B-0424-hf
67,He wrapped a present using,improbable,a dress.,6,Ġdress,-7.677774429321289,True,allenai/OLMo-7B-0424-hf
67,He wrapped a present using,improbable,a dress.,7,.,-3.0126113891601562,True,allenai/OLMo-7B-0424-hf
67,He wrapped a present using,impossible,ketchup.,0,He,0.0,False,allenai/OLMo-7B-0424-hf
67,He wrapped a present using,impossible,ketchup.,1,Ġwrapped,-11.190312385559082,False,allenai/OLMo-7B-0424-hf
67,He wrapped a present using,impossible,ketchup.,2,Ġa,-3.6012935638427734,False,allenai/OLMo-7B-0424-hf
67,He wrapped a present using,impossible,ketchup.,3,Ġpresent,-7.904050827026367,False,allenai/OLMo-7B-0424-hf
67,He wrapped a present using,impossible,ketchup.,4,Ġusing,-7.593618392944336,False,allenai/OLMo-7B-0424-hf
67,He wrapped a present using,impossible,ketchup.,5,Ġk,-7.029060363769531,True,allenai/OLMo-7B-0424-hf
67,He wrapped a present using,impossible,ketchup.,6,etch,-3.7135801315307617,True,allenai/OLMo-7B-0424-hf
67,He wrapped a present using,impossible,ketchup.,7,up,-0.015134811401367188,True,allenai/OLMo-7B-0424-hf
67,He wrapped a present using,impossible,ketchup.,8,.,-2.2852821350097656,True,allenai/OLMo-7B-0424-hf
67,He wrapped a present using,inconceivable,gossip.,0,He,0.0,False,allenai/OLMo-7B-0424-hf
67,He wrapped a present using,inconceivable,gossip.,1,Ġwrapped,-11.190309524536133,False,allenai/OLMo-7B-0424-hf
67,He wrapped a present using,inconceivable,gossip.,2,Ġa,-3.6012916564941406,False,allenai/OLMo-7B-0424-hf
67,He wrapped a present using,inconceivable,gossip.,3,Ġpresent,-7.904047012329102,False,allenai/OLMo-7B-0424-hf
67,He wrapped a present using,inconceivable,gossip.,4,Ġusing,-7.593620300292969,False,allenai/OLMo-7B-0424-hf
67,He wrapped a present using,inconceivable,gossip.,5,Ġgossip,-14.060016632080078,True,allenai/OLMo-7B-0424-hf
67,He wrapped a present using,inconceivable,gossip.,6,.,-2.5701169967651367,True,allenai/OLMo-7B-0424-hf
67,He wrapped a present using,inconceivable_syntactic,any.,0,He,0.0,False,allenai/OLMo-7B-0424-hf
67,He wrapped a present using,inconceivable_syntactic,any.,1,Ġwrapped,-11.190309524536133,False,allenai/OLMo-7B-0424-hf
67,He wrapped a present using,inconceivable_syntactic,any.,2,Ġa,-3.6012916564941406,False,allenai/OLMo-7B-0424-hf
67,He wrapped a present using,inconceivable_syntactic,any.,3,Ġpresent,-7.904047012329102,False,allenai/OLMo-7B-0424-hf
67,He wrapped a present using,inconceivable_syntactic,any.,4,Ġusing,-7.593620300292969,False,allenai/OLMo-7B-0424-hf
67,He wrapped a present using,inconceivable_syntactic,any.,5,Ġany,-8.069591522216797,True,allenai/OLMo-7B-0424-hf
67,He wrapped a present using,inconceivable_syntactic,any.,6,.,-7.428094863891602,True,allenai/OLMo-7B-0424-hf
68,He wrote a letter using,probable,a pen.,0,He,0.0,False,allenai/OLMo-7B-0424-hf
68,He wrote a letter using,probable,a pen.,1,Ġwrote,-6.885470390319824,False,allenai/OLMo-7B-0424-hf
68,He wrote a letter using,probable,a pen.,2,Ġa,-2.2061147689819336,False,allenai/OLMo-7B-0424-hf
68,He wrote a letter using,probable,a pen.,3,Ġletter,-1.9543704986572266,False,allenai/OLMo-7B-0424-hf
68,He wrote a letter using,probable,a pen.,4,Ġusing,-8.399742126464844,False,allenai/OLMo-7B-0424-hf
68,He wrote a letter using,probable,a pen.,5,Ġa,-1.8939027786254883,True,allenai/OLMo-7B-0424-hf
68,He wrote a letter using,probable,a pen.,6,Ġpen,-2.7043962478637695,True,allenai/OLMo-7B-0424-hf
68,He wrote a letter using,probable,a pen.,7,.,-2.5885000228881836,True,allenai/OLMo-7B-0424-hf
68,He wrote a letter using,improbable,a stylus.,0,He,0.0,False,allenai/OLMo-7B-0424-hf
68,He wrote a letter using,improbable,a stylus.,1,Ġwrote,-6.885489463806152,False,allenai/OLMo-7B-0424-hf
68,He wrote a letter using,improbable,a stylus.,2,Ġa,-2.20611572265625,False,allenai/OLMo-7B-0424-hf
68,He wrote a letter using,improbable,a stylus.,3,Ġletter,-1.9543733596801758,False,allenai/OLMo-7B-0424-hf
68,He wrote a letter using,improbable,a stylus.,4,Ġusing,-8.399740219116211,False,allenai/OLMo-7B-0424-hf
68,He wrote a letter using,improbable,a stylus.,5,Ġa,-1.8938913345336914,True,allenai/OLMo-7B-0424-hf
68,He wrote a letter using,improbable,a stylus.,6,Ġstyl,-5.914560317993164,True,allenai/OLMo-7B-0424-hf
68,He wrote a letter using,improbable,a stylus.,7,us,-0.108428955078125,True,allenai/OLMo-7B-0424-hf
68,He wrote a letter using,improbable,a stylus.,8,.,-2.966888427734375,True,allenai/OLMo-7B-0424-hf
68,He wrote a letter using,impossible,a snowflake.,0,He,0.0,False,allenai/OLMo-7B-0424-hf
68,He wrote a letter using,impossible,a snowflake.,1,Ġwrote,-6.885489463806152,False,allenai/OLMo-7B-0424-hf
68,He wrote a letter using,impossible,a snowflake.,2,Ġa,-2.20611572265625,False,allenai/OLMo-7B-0424-hf
68,He wrote a letter using,impossible,a snowflake.,3,Ġletter,-1.9543733596801758,False,allenai/OLMo-7B-0424-hf
68,He wrote a letter using,impossible,a snowflake.,4,Ġusing,-8.399740219116211,False,allenai/OLMo-7B-0424-hf
68,He wrote a letter using,impossible,a snowflake.,5,Ġa,-1.8938913345336914,True,allenai/OLMo-7B-0424-hf
68,He wrote a letter using,impossible,a snowflake.,6,Ġsnow,-10.179214477539062,True,allenai/OLMo-7B-0424-hf
68,He wrote a letter using,impossible,a snowflake.,7,fl,-2.100862503051758,True,allenai/OLMo-7B-0424-hf
68,He wrote a letter using,impossible,a snowflake.,8,ake,-0.0030364990234375,True,allenai/OLMo-7B-0424-hf
68,He wrote a letter using,impossible,a snowflake.,9,.,-4.036460876464844,True,allenai/OLMo-7B-0424-hf
68,He wrote a letter using,inconceivable,a marathon.,0,He,0.0,False,allenai/OLMo-7B-0424-hf
68,He wrote a letter using,inconceivable,a marathon.,1,Ġwrote,-6.885470390319824,False,allenai/OLMo-7B-0424-hf
68,He wrote a letter using,inconceivable,a marathon.,2,Ġa,-2.2061147689819336,False,allenai/OLMo-7B-0424-hf
68,He wrote a letter using,inconceivable,a marathon.,3,Ġletter,-1.9543704986572266,False,allenai/OLMo-7B-0424-hf
68,He wrote a letter using,inconceivable,a marathon.,4,Ġusing,-8.399742126464844,False,allenai/OLMo-7B-0424-hf
68,He wrote a letter using,inconceivable,a marathon.,5,Ġa,-1.8939027786254883,True,allenai/OLMo-7B-0424-hf
68,He wrote a letter using,inconceivable,a marathon.,6,Ġmarathon,-12.47585391998291,True,allenai/OLMo-7B-0424-hf
68,He wrote a letter using,inconceivable,a marathon.,7,.,-3.948033332824707,True,allenai/OLMo-7B-0424-hf
68,He wrote a letter using,inconceivable_syntactic,among.,0,He,0.0,False,allenai/OLMo-7B-0424-hf
68,He wrote a letter using,inconceivable_syntactic,among.,1,Ġwrote,-6.885477066040039,False,allenai/OLMo-7B-0424-hf
68,He wrote a letter using,inconceivable_syntactic,among.,2,Ġa,-2.206118583679199,False,allenai/OLMo-7B-0424-hf
68,He wrote a letter using,inconceivable_syntactic,among.,3,Ġletter,-1.9543733596801758,False,allenai/OLMo-7B-0424-hf
68,He wrote a letter using,inconceivable_syntactic,among.,4,Ġusing,-8.399741172790527,False,allenai/OLMo-7B-0424-hf
68,He wrote a letter using,inconceivable_syntactic,among.,5,Ġamong,-11.90817928314209,True,allenai/OLMo-7B-0424-hf
68,He wrote a letter using,inconceivable_syntactic,among.,6,.,-6.470939636230469,True,allenai/OLMo-7B-0424-hf
69,He wrote an equation on,probable,a chalkboard.,0,He,0.0,False,allenai/OLMo-7B-0424-hf
69,He wrote an equation on,probable,a chalkboard.,1,Ġwrote,-6.885489463806152,False,allenai/OLMo-7B-0424-hf
69,He wrote an equation on,probable,a chalkboard.,2,Ġan,-4.170807838439941,False,allenai/OLMo-7B-0424-hf
69,He wrote an equation on,probable,a chalkboard.,3,Ġequation,-8.568120002746582,False,allenai/OLMo-7B-0424-hf
69,He wrote an equation on,probable,a chalkboard.,4,Ġon,-4.806831359863281,False,allenai/OLMo-7B-0424-hf
69,He wrote an equation on,probable,a chalkboard.,5,Ġa,-1.8174257278442383,True,allenai/OLMo-7B-0424-hf
69,He wrote an equation on,probable,a chalkboard.,6,Ġchalk,-1.5798072814941406,True,allenai/OLMo-7B-0424-hf
69,He wrote an equation on,probable,a chalkboard.,7,board,-0.13859939575195312,True,allenai/OLMo-7B-0424-hf
69,He wrote an equation on,probable,a chalkboard.,8,.,-1.9530906677246094,True,allenai/OLMo-7B-0424-hf
69,He wrote an equation on,improbable,a billboard.,0,He,0.0,False,allenai/OLMo-7B-0424-hf
69,He wrote an equation on,improbable,a billboard.,1,Ġwrote,-6.885489463806152,False,allenai/OLMo-7B-0424-hf
69,He wrote an equation on,improbable,a billboard.,2,Ġan,-4.170807838439941,False,allenai/OLMo-7B-0424-hf
69,He wrote an equation on,improbable,a billboard.,3,Ġequation,-8.568120002746582,False,allenai/OLMo-7B-0424-hf
69,He wrote an equation on,improbable,a billboard.,4,Ġon,-4.806831359863281,False,allenai/OLMo-7B-0424-hf
69,He wrote an equation on,improbable,a billboard.,5,Ġa,-1.8174257278442383,True,allenai/OLMo-7B-0424-hf
69,He wrote an equation on,improbable,a billboard.,6,Ġbill,-9.522839546203613,True,allenai/OLMo-7B-0424-hf
69,He wrote an equation on,improbable,a billboard.,7,board,-0.6228790283203125,True,allenai/OLMo-7B-0424-hf
69,He wrote an equation on,improbable,a billboard.,8,.,-2.493868827819824,True,allenai/OLMo-7B-0424-hf
69,He wrote an equation on,impossible,an atom.,0,He,0.0,False,allenai/OLMo-7B-0424-hf
69,He wrote an equation on,impossible,an atom.,1,Ġwrote,-6.885470390319824,False,allenai/OLMo-7B-0424-hf
69,He wrote an equation on,impossible,an atom.,2,Ġan,-4.170805931091309,False,allenai/OLMo-7B-0424-hf
69,He wrote an equation on,impossible,an atom.,3,Ġequation,-8.568113327026367,False,allenai/OLMo-7B-0424-hf
69,He wrote an equation on,impossible,an atom.,4,Ġon,-4.806822776794434,False,allenai/OLMo-7B-0424-hf
69,He wrote an equation on,impossible,an atom.,5,Ġan,-4.798460006713867,True,allenai/OLMo-7B-0424-hf
69,He wrote an equation on,impossible,an atom.,6,Ġatom,-7.806441307067871,True,allenai/OLMo-7B-0424-hf
69,He wrote an equation on,impossible,an atom.,7,.,-2.1161956787109375,True,allenai/OLMo-7B-0424-hf
69,He wrote an equation on,inconceivable,a scream.,0,He,0.0,False,allenai/OLMo-7B-0424-hf
69,He wrote an equation on,inconceivable,a scream.,1,Ġwrote,-6.885470390319824,False,allenai/OLMo-7B-0424-hf
69,He wrote an equation on,inconceivable,a scream.,2,Ġan,-4.170805931091309,False,allenai/OLMo-7B-0424-hf
69,He wrote an equation on,inconceivable,a scream.,3,Ġequation,-8.568113327026367,False,allenai/OLMo-7B-0424-hf
69,He wrote an equation on,inconceivable,a scream.,4,Ġon,-4.806822776794434,False,allenai/OLMo-7B-0424-hf
69,He wrote an equation on,inconceivable,a scream.,5,Ġa,-1.8174266815185547,True,allenai/OLMo-7B-0424-hf
69,He wrote an equation on,inconceivable,a scream.,6,Ġscream,-14.256987571716309,True,allenai/OLMo-7B-0424-hf
69,He wrote an equation on,inconceivable,a scream.,7,.,-2.1164207458496094,True,allenai/OLMo-7B-0424-hf
69,He wrote an equation on,inconceivable_syntactic,across.,0,He,0.0,False,allenai/OLMo-7B-0424-hf
69,He wrote an equation on,inconceivable_syntactic,across.,1,Ġwrote,-6.885477066040039,False,allenai/OLMo-7B-0424-hf
69,He wrote an equation on,inconceivable_syntactic,across.,2,Ġan,-4.170805931091309,False,allenai/OLMo-7B-0424-hf
69,He wrote an equation on,inconceivable_syntactic,across.,3,Ġequation,-8.568117141723633,False,allenai/OLMo-7B-0424-hf
69,He wrote an equation on,inconceivable_syntactic,across.,4,Ġon,-4.806831359863281,False,allenai/OLMo-7B-0424-hf
69,He wrote an equation on,inconceivable_syntactic,across.,5,Ġacross,-13.401559829711914,True,allenai/OLMo-7B-0424-hf
69,He wrote an equation on,inconceivable_syntactic,across.,6,.,-4.3047685623168945,True,allenai/OLMo-7B-0424-hf
